,Close,High,Low,Open,Volume,SMA_14,EMA_14,RSI_14,BB_Middle,BB_Std,BB_Upper,BB_Lower,MACD,MACD_Signal,Rolling_Std_14,Close_Lag1,Rolling_Mean_7
Close,1.0,0.8734603047568549,0.8733870893440674,0.8734481234024071,-0.3732761136985772,0.8671536632956842,0.8688163375488605,0.1733537196675988,0.8641505555838394,0.4926464214636941,0.8627160744667839,0.858248947587027,0.3448162894928737,0.3483740806038034,0.4702848025233833,0.8713157325920089,0.8707572757079882
High,0.8734603047568549,1.0,0.9995191434229063,0.999562795938742,-0.4303199537485185,0.9951256287140073,0.996579100233498,0.1907412458302818,0.9927060181237809,0.5446893600610326,0.9888904987552513,0.9883672840985741,0.39324296852681667,0.4100756336046032,0.5273850007276206,0.9988120929990374,0.9978207372003298
Low,0.8733870893440674,0.9995191434229063,1.0,0.9996113578358422,-0.440405290630614,0.9943269228084878,0.9958693160828374,0.1981204468597289,0.9915605030683703,0.5391729552001958,0.9872506904290155,0.9877883230265309,0.40276409844153616,0.41829250636747034,0.5198749339737969,0.9987899154248375,0.997529693877799
Open,0.8734481234024071,0.999562795938742,0.9996113578358422,1.0,-0.43524223020941893,0.9950081040797903,0.9964282857238204,0.18994317962211255,0.9924467422445238,0.541189762141735,0.9882896796201232,0.9884948519052166,0.39731587457028483,0.41476333056302656,0.5227392545125742,0.999138033334501,0.9978359925323778
Volume,-0.3732761136985772,-0.4303199537485185,-0.440405290630614,-0.43524223020941893,1.0,-0.41905318681500175,-0.4207884631198758,-0.239384657604553,-0.41307065367291296,-0.00476409298779444,-0.38884474655132756,-0.43675665435858185,-0.30709209903761586,-0.29350843706144225,0.04972537662069603,-0.4312972354435599,-0.4263771422867162
SMA_14,0.8671536632956842,0.9951256287140073,0.9943269228084878,0.9950081040797903,-0.41905318681500175,1.0,0.9997106384280149,0.12006460119531531,0.9992165586355257,0.5477843983812863,0.995327324157963,0.9949041976962328,0.34377895643854733,0.3842830941877995,0.5275902626420563,0.995653985658525,0.9985340787879727
EMA_14,0.8688163375488605,0.996579100233498,0.9958693160828374,0.9964282857238204,-0.4207884631198758,0.9997106384280149,1.0,0.1306728841996248,0.9989644761760377,0.5498487704479733,0.9953009448080932,0.9944001592562288,0.3454507846024909,0.3798911347293698,0.5310167248046803,0.9969954453909154,0.9991479619017233
RSI_14,0.1733537196675988,0.1907412458302818,0.1981204468597289,0.18994317962211255,-0.239384657604553,0.12006460119531531,0.1306728841996248,1.0,0.09357745332556891,0.05800028141941123,0.0938967878698656,0.09240388217146382,0.6833704938108356,0.5167385172536985,0.032797900407004546,0.18423407759947466,0.16055158652132187
BB_Middle,0.8641505555838394,0.9927060181237809,0.9915605030683703,0.9924467422445238,-0.41307065367291296,0.9992165586355257,0.9989644761760377,0.09357745332556891,1.0,0.550759291658059,0.9963674163629418,0.9953918273885862,0.31185550970386505,0.3557284380388978,0.5328551453129133,0.9931010926953998,0.9963944767117076
BB_Std,0.4926464214636941,0.5446893600610326,0.5391729552001958,0.541189762141735,-0.00476409298779444,0.5477843983812863,0.5498487704479733,0.05800028141941123,0.550759291658059,1.0,0.6198373647037527,0.4681844065672403,0.03759709780189324,0.02771388359273671,0.8722153058032284,0.5433068289191483,0.5463634859280023
BB_Upper,0.8627160744667839,0.9888904987552513,0.9872506904290155,0.9882896796201232,-0.38884474655132756,0.995327324157963,0.9953009448080932,0.0938967878698656,0.9963674163629418,0.6198373647037527,1.0,0.9836100371790784,0.2970346662415139,0.33727453678428365,0.5899668103862338,0.9891208820798281,0.9925291016105535
BB_Lower,0.858248947587027,0.9883672840985741,0.9877883230265309,0.9884948519052166,-0.43675665435858185,0.9949041976962328,0.9944001592562288,0.09240388217146382,0.9953918273885862,0.4681844065672403,0.9836100371790784,1.0,0.32583154299132144,0.373413775717105,0.46391054926445185,0.9889443695635123,0.992079797462065
MACD,0.3448162894928737,0.39324296852681667,0.40276409844153616,0.39731587457028483,-0.30709209903761586,0.34377895643854733,0.3454507846024909,0.6833704938108356,0.31185550970386505,0.03759709780189324,0.2970346662415139,0.32583154299132144,1.0,0.9558338577882096,0.008982860046005941,0.39492079793966023,0.37922089979672663
MACD_Signal,0.3483740806038034,0.4100756336046032,0.41829250636747034,0.41476333056302656,-0.29350843706144225,0.3842830941877995,0.3798911347293698,0.5167385172536985,0.3557284380388978,0.02771388359273671,0.33727453678428365,0.373413775717105,0.9558338577882096,1.0,-0.005845361179977794,0.41343180500037124,0.4079504029985611
Rolling_Std_14,0.4702848025233833,0.5273850007276206,0.5198749339737969,0.5227392545125742,0.04972537662069603,0.5275902626420563,0.5310167248046803,0.032797900407004546,0.5328551453129133,0.8722153058032284,0.5899668103862338,0.46391054926445185,0.008982860046005941,-0.005845361179977794,1.0,0.5246763202363702,0.5268259204547557
Close_Lag1,0.8713157325920089,0.9988120929990374,0.9987899154248375,0.999138033334501,-0.4312972354435599,0.995653985658525,0.9969954453909154,0.18423407759947466,0.9931010926953998,0.5433068289191483,0.9891208820798281,0.9889443695635123,0.39492079793966023,0.41343180500037124,0.5246763202363702,1.0,0.9983901540634524
Rolling_Mean_7,0.8707572757079882,0.9978207372003298,0.997529693877799,0.9978359925323778,-0.4263771422867162,0.9985340787879727,0.9991479619017233,0.16055158652132187,0.9963944767117076,0.5463634859280023,0.9925291016105535,0.992079797462065,0.37922089979672663,0.4079504029985611,0.5268259204547557,0.9983901540634524,1.0
