,Close,High,Low,Open,Volume,SMA_14,EMA_14,RSI_14,BB_Middle,BB_Std,BB_Upper,BB_Lower,MACD,MACD_Signal,Rolling_Std_14,Close_Lag1,Rolling_Mean_7
Close,1.0,0.8646978545755517,0.8650442986664357,0.864260359703559,-0.4261930297114226,0.8522812510877849,0.8559123525972183,0.1359209616581728,0.8467693657868546,0.3416499190792535,0.8396930466324966,0.8419915396735108,0.20882196886703946,0.2085920234609406,0.29523737732571437,0.8634677799048756,0.8596617220461097
High,0.8646978545755517,1.0,0.9983712184443049,0.9986243797310717,-0.47278020935472775,0.9883397946821194,0.9921263814552009,0.13379995918017676,0.9831325028371384,0.4127772134427839,0.9769119869529446,0.9753601328693131,0.21298516432197942,0.2174370901482903,0.36136777329417263,0.9978766521912958,0.9948627935020925
Low,0.8650442986664357,0.9983712184443049,1.0,0.9989638635951789,-0.501536588626795,0.9853646135213322,0.989540744295446,0.14618459620340674,0.9795313520052186,0.3927903934774714,0.9710450947327613,0.9743394917060787,0.22929235150667476,0.23021669981328244,0.33757853319876835,0.9976132530968246,0.9931905787206298
Open,0.864260359703559,0.9986243797310717,0.9989638635951789,1.0,-0.48986463258590623,0.9873723962491355,0.991192219243367,0.133194455224264,0.9817709264677188,0.401779535159673,0.9742675290004578,0.9754495271917565,0.22228758928307865,0.22677141672774342,0.3490229374355807,0.9987040971136234,0.9945092090132897
Volume,-0.4261930297114226,-0.47278020935472775,-0.501536588626795,-0.48986463258590623,1.0,-0.47151867071841685,-0.4750461052862651,-0.12600470199595898,-0.4671471922755985,-0.02794635170036271,-0.44335734727727577,-0.48668709898710605,-0.1199168430007892,-0.09300238155044095,0.051851149214207255,-0.4857786357615751,-0.4782409819380235
SMA_14,0.8522812510877849,0.9883397946821194,0.9853646135213322,0.9873723962491355,-0.47151867071841685,1.0,0.9991932901737628,0.016931961604006392,0.9981195589892835,0.41494293414060046,0.9912930273508761,0.9907987556493904,0.12794545614816055,0.1727936776641436,0.36752450675088744,0.9886715274163674,0.9960059972427613
EMA_14,0.8559123525972183,0.9921263814552009,0.989540744295446,0.991192219243367,-0.4750461052862651,0.9991932901737628,1.0,0.036114233666278445,0.9975099110694118,0.41627856347574294,0.9908843918908561,0.9899740708719266,0.13346976328891288,0.1671022611545365,0.3688367165357124,0.9924545241663612,0.9978425232095308
RSI_14,0.1359209616581728,0.13379995918017676,0.14618459620340674,0.133194455224264,-0.12600470199595898,0.016931961604006392,0.036114233666278445,1.0,-0.025562147540759573,-0.0022096654669291373,-0.024344663788921146,-0.026537370507383425,0.6948549805652894,0.4855131192364795,-0.06236490133620536,0.12610656559626499,0.08544261235020592
BB_Middle,0.8467693657868546,0.9831325028371384,0.9795313520052186,0.9817709264677188,-0.4671471922755985,0.9981195589892835,0.9975099110694118,-0.025562147540759573,1.0,0.4197518946444154,0.9936594688099064,0.9921091012712931,0.07877516707327924,0.12770061471804459,0.3772794612955005,0.9832109881214265,0.9911566100432235
BB_Std,0.3416499190792535,0.4127772134427839,0.3927903934774714,0.401779535159673,-0.02794635170036271,0.41494293414060046,0.41627856347574294,-0.0022096654669291373,0.4197518946444154,1.0,0.5191377181071675,0.3026421310787776,-0.11396612225479667,-0.12181091425755315,0.838916781492175,0.4041228521379627,0.4077778726659573
BB_Upper,0.8396930466324966,0.9769119869529446,0.9710450947327613,0.9742675290004578,-0.44335734727727577,0.9912930273508761,0.9908843918908561,-0.024344663788921146,0.9936594688099064,0.5191377181071675,1.0,0.971722206097041,0.06006243772563793,0.10516200178856758,0.45918917330267006,0.9759138555493042,0.9838487162611459
BB_Lower,0.8419915396735108,0.9753601328693131,0.9743394917060787,0.9754495271917565,-0.48668709898710605,0.9907987556493904,0.9899740708719266,-0.026537370507383425,0.9921091012712931,0.3026421310787776,0.971722206097041,1.0,0.09846398478856945,0.15092385006648001,0.28029355424827906,0.9766380280032175,0.984476771715192
MACD,0.20882196886703946,0.21298516432197942,0.22929235150667476,0.22228758928307865,-0.1199168430007892,0.12794545614816055,0.13346976328891288,0.6948549805652894,0.07877516707327924,-0.11396612225479667,0.06006243772563793,0.09846398478856945,1.0,0.9453774486115871,-0.18238753423124818,0.2170622855862236,0.18945755147871823
MACD_Signal,0.2085920234609406,0.2174370901482903,0.23021669981328244,0.22677141672774342,-0.09300238155044095,0.1727936776641436,0.1671022611545365,0.4855131192364795,0.12770061471804459,-0.12181091425755315,0.10516200178856758,0.15092385006648001,0.9453774486115871,1.0,-0.18354692519672303,0.22250926995918885,0.21368721924081108
Rolling_Std_14,0.29523737732571437,0.36136777329417263,0.33757853319876835,0.3490229374355807,0.051851149214207255,0.36752450675088744,0.3688367165357124,-0.06236490133620536,0.3772794612955005,0.838916781492175,0.45918917330267006,0.28029355424827906,-0.18238753423124818,-0.18354692519672303,1.0,0.35141892298868654,0.3569061109533841
Close_Lag1,0.8634677799048756,0.9978766521912958,0.9976132530968246,0.9987040971136234,-0.4857786357615751,0.9886715274163674,0.9924545241663612,0.12610656559626499,0.9832109881214265,0.4041228521379627,0.9759138555493042,0.9766380280032175,0.2170622855862236,0.22250926995918885,0.35141892298868654,1.0,0.9957106980640534
Rolling_Mean_7,0.8596617220461097,0.9948627935020925,0.9931905787206298,0.9945092090132897,-0.4782409819380235,0.9960059972427613,0.9978425232095308,0.08544261235020592,0.9911566100432235,0.4077778726659573,0.9838487162611459,0.984476771715192,0.18945755147871823,0.21368721924081108,0.3569061109533841,0.9957106980640534,1.0
