,Close,High,Low,Open,Volume,SMA_14,EMA_14,RSI_14,BB_Middle,BB_Std,BB_Upper,BB_Lower,MACD,MACD_Signal,Rolling_Std_14,Close_Lag1,Rolling_Mean_7
Close,1.0,0.7458972099534762,0.7454359776411299,0.7447997467368951,0.01446881496850817,0.7389588858320956,0.7417796035691253,0.06496935839048583,0.7372707462422123,0.22462653150480244,0.7329633044354918,0.7279594117658862,0.18655775651866502,0.20571973633930316,0.2086152657478899,0.7440378564349238,0.7407345188616652
High,0.7458972099534762,1.0,0.9985176073439381,0.9988461012151311,-0.010594073703416886,0.986648340609351,0.9912191884666763,0.12597774366761202,0.9813577000116196,0.27694772209242563,0.9726483492577584,0.9721858025763961,0.2875285357756436,0.30717065592339843,0.2447769955110993,0.9972389388069918,0.9942690721090346
Low,0.7454359776411299,0.9985176073439381,1.0,0.9985629005751242,-0.04039969290351652,0.984995579742844,0.9896587372365343,0.13817287941888587,0.9791202512632858,0.2680090167491864,0.9693093859319735,0.9711834382534066,0.30164818663330245,0.3207037216663036,0.2320675396210126,0.9969972716860139,0.9933368101985526
Open,0.7447997467368951,0.9988461012151311,0.9985629005751242,1.0,-0.02413346842823163,0.9866925860598018,0.9910874164422051,0.12433947451008173,0.9810765569983309,0.2716520225128633,0.9716655626343051,0.9726696983384415,0.2933612805672098,0.3148248054359883,0.2388304097203767,0.9982471760835353,0.994442118122916
Volume,0.01446881496850817,-0.010594073703416886,-0.04039969290351652,-0.02413346842823163,1.0,-0.0031160021310049344,-0.003945779038777155,-0.17621737596004772,0.006181506056107103,0.20106447352765044,0.03303218263141758,-0.02300842751935363,-0.20917874271240128,-0.2021409292954692,0.24779850806928008,-0.026680342345009586,-0.012340494262681311
SMA_14,0.7389588858320956,0.986648340609351,0.984995579742844,0.9866925860598018,-0.0031160021310049344,1.0,0.9990776040659476,0.004146271346012041,0.9979232240749791,0.2844828813914119,0.9894529496136295,0.9881784592705345,0.20264241186144977,0.2654752583446154,0.25426414068731373,0.9874455883016572,0.9956368438067253
EMA_14,0.7417796035691253,0.9912191884666763,0.9896587372365343,0.9910874164422051,-0.003945779038777155,0.9990776040659476,1.0,0.025108947207185053,0.9972203397467491,0.28452129812445404,0.9887882649499902,0.9874475374241903,0.2090951666577498,0.2601460935392053,0.2543757141960703,0.9917684202409276,0.9976858672144745
RSI_14,0.06496935839048583,0.12597774366761202,0.13817287941888587,0.12433947451008173,-0.17621737596004772,0.004146271346012041,0.025108947207185053,1.0,-0.03934005244487641,0.0076972306991079644,-0.036453258123441884,-0.041720043828951094,0.7299897140702488,0.5373585799118605,-0.05903544371931255,0.11937690481036425,0.07765229706872094
BB_Middle,0.7372707462422123,0.9813577000116196,0.9791202512632858,0.9810765569983309,0.006181506056107103,0.9979232240749791,0.9972203397467491,-0.03934005244487641,1.0,0.2857091297978654,0.991597708169758,0.9901422604405397,0.15126893815629577,0.21797033890986955,0.258528166451525,0.9815974252822741,0.9902564961637306
BB_Std,0.22462653150480244,0.27694772209242563,0.2680090167491864,0.2716520225128633,0.20106447352765044,0.2844828813914119,0.28452129812445404,0.0076972306991079644,0.2857091297978654,1.0,0.4072762352779296,0.14866575755233755,-0.07984263238068942,-0.09454684195993791,0.8197171740618716,0.2740615874137028,0.2797751280573094
BB_Upper,0.7329633044354918,0.9726483492577584,0.9693093859319735,0.9716655626343051,0.03303218263141758,0.9894529496136295,0.9887882649499902,-0.036453258123441884,0.991597708169758,0.4072762352779296,1.0,0.9637039549341969,0.13338626779758547,0.19496988490534725,0.35703616790750003,0.9724872252098506,0.9815108380389949
BB_Lower,0.7279594117658862,0.9721858025763961,0.9711834382534066,0.9726696983384415,-0.02300842751935363,0.9881784592705345,0.9874475374241903,-0.041720043828951094,0.9901422604405397,0.14866575755233755,0.9637039549341969,1.0,0.16776416618926396,0.23874253308983204,0.1469674283789463,0.972855006210069,0.9809552307232056
MACD,0.18655775651866502,0.2875285357756436,0.30164818663330245,0.2933612805672098,-0.20917874271240128,0.20264241186144977,0.2090951666577498,0.7299897140702488,0.15126893815629577,-0.07984263238068942,0.13338626779758547,0.16776416618926396,1.0,0.9479726721212147,-0.14693209166268345,0.2932444838703627,0.26660704081942754
MACD_Signal,0.20571973633930316,0.30717065592339843,0.3207037216663036,0.3148248054359883,-0.2021409292954692,0.2654752583446154,0.2601460935392053,0.5373585799118605,0.21797033890986955,-0.09454684195993791,0.19496988490534725,0.23874253308983204,0.9479726721212147,1.0,-0.16210960761692944,0.3154926819626455,0.30782579144212
Rolling_Std_14,0.2086152657478899,0.2447769955110993,0.2320675396210126,0.2388304097203767,0.24779850806928008,0.25426414068731373,0.2543757141960703,-0.05903544371931255,0.258528166451525,0.8197171740618716,0.35703616790750003,0.1469674283789463,-0.14693209166268345,-0.16210960761692944,1.0,0.2408851759572925,0.24572137372189806
Close_Lag1,0.7440378564349238,0.9972389388069918,0.9969972716860139,0.9982471760835353,-0.026680342345009586,0.9874455883016572,0.9917684202409276,0.11937690481036425,0.9815974252822741,0.2740615874137028,0.9724872252098506,0.972855006210069,0.2932444838703627,0.3154926819626455,0.2408851759572925,1.0,0.9953579744324734
Rolling_Mean_7,0.7407345188616652,0.9942690721090346,0.9933368101985526,0.994442118122916,-0.012340494262681311,0.9956368438067253,0.9976858672144745,0.07765229706872094,0.9902564961637306,0.2797751280573094,0.9815108380389949,0.9809552307232056,0.26660704081942754,0.30782579144212,0.24572137372189806,0.9953579744324734,1.0
