,Close,High,Low,Open,Volume,SMA_14,EMA_14,RSI_14,BB_Middle,BB_Std,BB_Upper,BB_Lower,MACD,MACD_Signal,Rolling_Std_14,Close_Lag1,Rolling_Mean_7
Close,1.0,0.9565481397602593,0.956912057924785,0.9553409898826621,-0.16345989418221155,0.9460960310931488,0.9488978479670183,0.15124611376194866,0.9407743782670707,0.360518418926407,0.9349597559609804,0.9363465761274758,0.2566014904724411,0.2635313218715437,0.33078617844499325,0.9539363495372397,0.9517271701055409
High,0.9565481397602593,1.0,0.9989540221915483,0.9990689215515312,-0.13926919320021597,0.9896912891812499,0.9927283642554875,0.14363990910842564,0.9847577823702981,0.3849530932533527,0.9794956341982552,0.9792218474378289,0.25176089441552446,0.2584570840256618,0.3622311515598247,0.9976457365447381,0.9952046972540018
Low,0.956912057924785,0.9989540221915483,1.0,0.9990162816550573,-0.16748524317304317,0.9886771336499313,0.9917466035443561,0.15351784258700976,0.9832669006751863,0.37541343911073694,0.9770386137918291,0.9788042088957468,0.2638755078076102,0.2707469131099257,0.35054678028640945,0.9975332507037393,0.9947586589410101
Open,0.9553409898826621,0.9990689215515312,0.9990162816550573,1.0,-0.1508586335606383,0.9895797944318477,0.992562788492489,0.142448578582196,0.9844542453552689,0.3793744476349822,0.9785999161697151,0.9795691439237514,0.2563191411681314,0.2640666310220163,0.35580218365997085,0.998318388355892,0.9953195522783517
Volume,-0.16345989418221155,-0.13926919320021597,-0.16748524317304317,-0.1508586335606383,1.0,-0.1474078276369589,-0.14723913876028527,-0.10040452217282914,-0.14333157259465068,0.08148580096776925,-0.12761009454963515,-0.15887478717623885,-0.14804020045409333,-0.1635901017535345,0.1902008199669479,-0.15336496091989105,-0.15143746991094467
SMA_14,0.9460960310931488,0.9896912891812499,0.9886771336499313,0.9895797944318477,-0.1474078276369589,1.0,0.999410925416249,0.03621783830043633,0.9984063345374896,0.39057901693653146,0.9931028526947565,0.9927591299114288,0.17345605926289964,0.21460229986139842,0.3615916612379719,0.990674471128432,0.9968702060966614
EMA_14,0.9488978479670183,0.9927283642554875,0.9917466035443561,0.992562788492489,-0.14723913876028527,0.999410925416249,1.0,0.05192025221907382,0.9978771581636786,0.39297800736898514,0.9928599042842098,0.9919231239385428,0.1775871191152026,0.21000688863029315,0.36624630741613085,0.993495918509561,0.9981978100154312
RSI_14,0.15124611376194866,0.14363990910842564,0.15351784258700976,0.142448578582196,-0.10040452217282914,0.03621783830043633,0.05192025221907382,1.0,-0.00489644338548739,-0.02718020934376994,-0.007618105601560611,-0.001865077829866053,0.7179443512209159,0.537662306786436,-0.060258916022620776,0.13465290209798433,0.0969828687567954
BB_Middle,0.9407743782670707,0.9847577823702981,0.9832669006751863,0.9844542453552689,-0.14333157259465068,0.9984063345374896,0.9978771581636786,-0.00489644338548739,1.0,0.39399366859003593,0.994991611213688,0.9940119404312944,0.12669665604686295,0.17207455135604907,0.36994575514680134,0.9854974930026595,0.9925336744311638
BB_Std,0.360518418926407,0.3849530932533527,0.37541343911073694,0.3793744476349822,0.08148580096776925,0.39057901693653146,0.39297800736898514,-0.02718020934376994,0.39399366859003593,1.0,0.4838935300063207,0.291201531476348,-0.11639029579880274,-0.1406216363156083,0.8087173690649522,0.38206592322120264,0.38693109334692743
BB_Upper,0.9349597559609804,0.9794956341982552,0.9770386137918291,0.9785999161697151,-0.12761009454963515,0.9931028526947565,0.9928599042842098,-0.007618105601560611,0.994991611213688,0.4838935300063207,1.0,0.9781109306571841,0.10797523018572687,0.14854617426651498,0.4401934781138281,0.9798859491294907,0.9871145111050682
BB_Lower,0.9363465761274758,0.9792218474378289,0.9788042088957468,0.9795691439237514,-0.15887478717623885,0.9927591299114288,0.9919231239385428,-0.001865077829866053,0.9940119404312944,0.291201531476348,0.9781109306571841,1.0,0.14571000843338552,0.1958225444215687,0.28891239316813244,0.9803350273233175,0.9870802479855855
MACD,0.2566014904724411,0.25176089441552446,0.2638755078076102,0.2563191411681314,-0.14804020045409333,0.17345605926289964,0.1775871191152026,0.7179443512209159,0.12669665604686295,-0.11639029579880274,0.10797523018572687,0.14571000843338552,1.0,0.9543531553842337,-0.15177655636350093,0.2548357343653052,0.22881305018273215
MACD_Signal,0.2635313218715437,0.2584570840256618,0.2707469131099257,0.2640666310220163,-0.1635901017535345,0.21460229986139842,0.21000688863029315,0.537662306786436,0.17207455135604907,-0.1406216363156083,0.14854617426651498,0.1958225444215687,0.9543531553842337,1.0,-0.18438222365748325,0.26434609713828017,0.25364238069033795
Rolling_Std_14,0.33078617844499325,0.3622311515598247,0.35054678028640945,0.35580218365997085,0.1902008199669479,0.3615916612379719,0.36624630741613085,-0.060258916022620776,0.36994575514680134,0.8087173690649522,0.4401934781138281,0.28891239316813244,-0.15177655636350093,-0.18438222365748325,1.0,0.355923055054281,0.35840467774707435
Close_Lag1,0.9539363495372397,0.9976457365447381,0.9975332507037393,0.998318388355892,-0.15336496091989105,0.990674471128432,0.993495918509561,0.13465290209798433,0.9854974930026595,0.38206592322120264,0.9798859491294907,0.9803350273233175,0.2548357343653052,0.26434609713828017,0.355923055054281,1.0,0.9962837250859188
Rolling_Mean_7,0.9517271701055409,0.9952046972540018,0.9947586589410101,0.9953195522783517,-0.15143746991094467,0.9968702060966614,0.9981978100154312,0.0969828687567954,0.9925336744311638,0.38693109334692743,0.9871145111050682,0.9870802479855855,0.22881305018273215,0.25364238069033795,0.35840467774707435,0.9962837250859188,1.0
