,Close,High,Low,Open,Volume,SMA_14,EMA_14,RSI_14,BB_Middle,BB_Std,BB_Upper,BB_Lower,MACD,MACD_Signal,Rolling_Std_14,Close_Lag1,Rolling_Mean_7
Close,1.0,0.7961078262114141,0.7978152061526735,0.7928917882568269,-0.21673628761588373,0.7596547540362155,0.7691306251314016,0.207600525171955,0.7390632277068312,0.4007395005202976,0.7328782947387097,0.6928145654955198,0.37465313045780524,0.39305871992723296,0.4166997867496096,0.7876580447819782,0.7790042775649102
High,0.7961078262114141,1.0,0.9963248425161882,0.9970578886000451,-0.25228120554904726,0.9567633844831795,0.9696369078088997,0.25076281767765285,0.9314017248874414,0.5311069331045799,0.9301275073256257,0.8646332303841506,0.45829452960918604,0.4806184745616105,0.553612311153789,0.9940342019185494,0.9837696471792676
Low,0.7978152061526735,0.9963248425161882,1.0,0.9963946468515515,-0.29702290105955886,0.9523613117360036,0.9655169111932003,0.26274114609431215,0.9260502086516404,0.5051668950560501,0.9190601304091865,0.8671119480289458,0.4723385556176275,0.4935995090721975,0.5255106902009323,0.992812202824883,0.9809672289055489
Open,0.7928917882568269,0.9970578886000451,0.9963946468515515,1.0,-0.27684203145417546,0.9580645217156513,0.9704629879788383,0.2403129203495578,0.9327712551340597,0.5204052986110362,0.9286239879853254,0.8696403582712464,0.4597380413636858,0.4854991471337233,0.541413994385716,0.9964750365681975,0.9846223029978083
Volume,-0.21673628761588373,-0.25228120554904726,-0.29702290105955886,-0.27684203145417546,1.0,-0.3124541542445259,-0.31097947457883796,0.09659283699430152,-0.3267754165524261,0.18146163144772742,-0.23436215477010275,-0.4230102007758389,0.0021498814677094794,-0.051505824102126424,0.18490872194546043,-0.279867146237225,-0.29316506924752295
SMA_14,0.7596547540362155,0.9567633844831795,0.9523613117360036,0.9580645217156513,-0.3124541542445259,1.0,0.9975014413550892,0.013470760482001309,0.9923994618924936,0.4970843227649604,0.9738373677816335,0.943643482403786,0.2963322743689321,0.3911446774678799,0.5060632770537088,0.9625832299670359,0.9861055354446794
EMA_14,0.7691306251314016,0.9696369078088997,0.9655169111932003,0.9704629879788383,-0.31097947457883796,0.9975014413550892,1.0,0.049855762094437685,0.989814787930334,0.5049978062481029,0.9736034966218629,0.9381899936981017,0.3042373982078098,0.3818854936097803,0.5189901871837364,0.9741667439212865,0.9917975596919341
RSI_14,0.207600525171955,0.25076281767765285,0.26274114609431215,0.2403129203495578,0.09659283699430152,0.013470760482001309,0.049855762094437685,1.0,-0.07469008952642368,0.10230658226267822,-0.038357032405486526,-0.11647694126233359,0.6904252268605383,0.4938897320664232,0.11239865459390991,0.2245117094180213,0.14965851004814365
BB_Middle,0.7390632277068312,0.9314017248874414,0.9260502086516404,0.9327712551340597,-0.3267754165524261,0.9923994618924936,0.989814787930334,-0.07469008952642368,1.0,0.4780512327378074,0.975584650077911,0.9583014869122131,0.1939857150960569,0.3007548314124608,0.4908128813033167,0.9374774393978781,0.964806704260617
BB_Std,0.4007395005202976,0.5311069331045799,0.5051668950560501,0.5204052986110362,0.18146163144772742,0.4970843227649604,0.5049978062481029,0.10230658226267822,0.4780512327378074,1.0,0.6592819997116061,0.2071258635785438,0.2365502007885762,0.23018416949500484,0.8950625069855898,0.5203707621530873,0.5177248609178853
BB_Upper,0.7328782947387097,0.9301275073256257,0.9190601304091865,0.9286239879853254,-0.23436215477010275,0.9738373677816335,0.9736034966218629,-0.038357032405486526,0.975584650077911,0.6592819997116061,1.0,0.8721447374833871,0.2252099324445987,0.31501779467136254,0.6439673616571857,0.9326440796960049,0.9553776894320041
BB_Lower,0.6928145654955198,0.8646332303841506,0.8671119480289458,0.8696403582712464,-0.4230102007758389,0.943643482403786,0.9381899936981017,-0.11647694126233359,0.9583014869122131,0.2071258635785438,0.8721447374833871,1.0,0.1391075756707833,0.2601015856296787,0.2554808690016723,0.8748934934603154,0.9061945305952983
MACD,0.37465313045780524,0.45829452960918604,0.4723385556176275,0.4597380413636858,0.0021498814677094794,0.2963322743689321,0.3042373982078098,0.6904252268605383,0.1939857150960569,0.2365502007885762,0.2252099324445987,0.1391075756707833,1.0,0.9549262829330017,0.23090790999451863,0.45429602342575137,0.4100334632302667
MACD_Signal,0.39305871992723296,0.4806184745616105,0.4935995090721975,0.4854991471337233,-0.051505824102126424,0.3911446774678799,0.3818854936097803,0.4938897320664232,0.3007548314124608,0.23018416949500484,0.31501779467136254,0.2601015856296787,0.9549262829330017,1.0,0.21205009675010153,0.4834737303406909,0.46815728648155536
Rolling_Std_14,0.4166997867496096,0.553612311153789,0.5255106902009323,0.541413994385716,0.18490872194546043,0.5060632770537088,0.5189901871837364,0.11239865459390991,0.4908128813033167,0.8950625069855898,0.6439673616571857,0.2554808690016723,0.23090790999451863,0.21205009675010153,1.0,0.5399510741544422,0.5320870260025248
Close_Lag1,0.7876580447819782,0.9940342019185494,0.992812202824883,0.9964750365681975,-0.279867146237225,0.9625832299670359,0.9741667439212865,0.2245117094180213,0.9374774393978781,0.5203707621530873,0.9326440796960049,0.8748934934603154,0.45429602342575137,0.4834737303406909,0.5399510741544422,1.0,0.9877546633958225
Rolling_Mean_7,0.7790042775649102,0.9837696471792676,0.9809672289055489,0.9846223029978083,-0.29316506924752295,0.9861055354446794,0.9917975596919341,0.14965851004814365,0.964806704260617,0.5177248609178853,0.9553776894320041,0.9061945305952983,0.4100334632302667,0.46815728648155536,0.5320870260025248,0.9877546633958225,1.0
