,Close,High,Low,Open,Volume,SMA_14,EMA_14,RSI_14,BB_Middle,BB_Std,BB_Upper,BB_Lower,MACD,MACD_Signal,Rolling_Std_14,Close_Lag1,Rolling_Mean_7
Close,1.0,0.9922436030866346,0.9923148321253288,0.9918113058113184,-0.4014740405193749,0.9887655480567793,0.9898888266912999,0.13978493384323562,0.9873249597020056,0.8314535472685618,0.9867008737609614,0.983377443536735,0.4210908295965516,0.4395903101702254,0.8053547913895588,0.9914024237636866,0.9907416287199207
High,0.9922436030866346,1.0,0.9995301280153598,0.999707586418703,-0.4004767382004788,0.9969215026222206,0.9978990546186496,0.1357070118769328,0.995418539852493,0.841209761773737,0.9951040113355818,0.9910560410191697,0.42179456768672463,0.44225887879225523,0.8154902884022994,0.9993578198109309,0.9987042415651536
Low,0.9923148321253288,0.9995301280153598,1.0,0.9995960695492504,-0.4117292704490363,0.9959169623360254,0.9970270924129322,0.14215471265591098,0.9942259045725553,0.8352992979494429,0.9933870892941215,0.9905065904294079,0.43129591838036374,0.4501230108724938,0.8079911629689256,0.9991107823454951,0.9981354235151383
Open,0.9918113058113184,0.999707586418703,0.9995960695492504,1.0,-0.40530891229931704,0.9965008539405481,0.9975099499734853,0.13689736025260185,0.9948395927064274,0.8377945699683522,0.9942121205332636,0.9908603733497054,0.42742373881286017,0.4477184549256548,0.8111244682252753,0.9995522210811056,0.9985223045634272
Volume,-0.4014740405193749,-0.4004767382004788,-0.4117292704490363,-0.40530891229931704,1.0,-0.40576408304632144,-0.40650132755224566,-0.03221446588495057,-0.40675549321166365,-0.2180303662310906,-0.39317365588410186,-0.4213312355142415,-0.12551122336063456,-0.13149592084720602,-0.198804924964596,-0.40548442199033796,-0.4052589765111796
SMA_14,0.9887655480567793,0.9969215026222206,0.9959169623360254,0.9965008539405481,-0.40576408304632144,1.0,0.9997962905112266,0.08811529383058603,0.9994654620600814,0.8337605412560128,0.997986458712542,0.996499600414653,0.38025503777200975,0.41810805921428673,0.8113491692791407,0.996943047558665,0.9989387593229724
EMA_14,0.9898888266912999,0.9978990546186496,0.9970270924129322,0.9975099499734853,-0.40650132755224566,0.9997962905112266,1.0,0.09545143584767446,0.9993123217591319,0.8352806232736004,0.9980098921919862,0.9961324875134868,0.3827737467498827,0.4158993318167054,0.8130854633241585,0.9978959947034386,0.9993968182753626
RSI_14,0.13978493384323562,0.1357070118769328,0.14215471265591098,0.13689736025260185,-0.03221446588495057,0.08811529383058603,0.09545143584767446,1.0,0.07020257844870081,0.16091511416034174,0.08105212745249837,0.0566755701727028,0.5669326759848841,0.43486567289334704,0.11275519766018598,0.13271637482339135,0.1164400916276428
BB_Middle,0.9873249597020056,0.995418539852493,0.9942259045725553,0.9948395927064274,-0.40675549321166365,0.9994654620600814,0.9993123217591319,0.07020257844870081,1.0,0.831506780739576,0.9982312927380341,0.9973838520265139,0.3553481064141961,0.3951511451684961,0.8127856595019083,0.9953425804672626,0.99752647663968
BB_Std,0.8314535472685618,0.841209761773737,0.8352992979494429,0.8377945699683522,-0.2180303662310906,0.8337605412560128,0.8352806232736004,0.16091511416034174,0.831506780739576,1.0,0.863061355614046,0.7891747930144299,0.31258406224520047,0.2930175356992973,0.9487060529430599,0.8379592357545271,0.8364375008485194
BB_Upper,0.9867008737609614,0.9951040113355818,0.9933870892941215,0.9942121205332636,-0.39317365588410186,0.997986458712542,0.9980098921919862,0.08105212745249837,0.9982312927380341,0.863061355614046,1.0,0.9913223027227204,0.3565506396280768,0.39064740589506336,0.840549905022238,0.9946870819840674,0.9965099270463709
BB_Lower,0.983377443536735,0.9910560410191697,0.9905065904294079,0.9908603733497054,-0.4213312355142415,0.996499600414653,0.9961324875134868,0.0566755701727028,0.9973838520265139,0.7891747930144299,0.9913223027227204,1.0,0.35219203397305276,0.3987438078811203,0.7751517129074686,0.9913950417026967,0.9940075431045112
MACD,0.4210908295965516,0.42179456768672463,0.43129591838036374,0.42742373881286017,-0.12551122336063456,0.38025503777200975,0.3827737467498827,0.5669326759848841,0.3553481064141961,0.31258406224520047,0.3565506396280768,0.35219203397305276,1.0,0.9615319409317717,0.20775211344633188,0.4243403318223966,0.41076249368062784
MACD_Signal,0.4395903101702254,0.44225887879225523,0.4501230108724938,0.4477184549256548,-0.13149592084720602,0.41810805921428673,0.4158993318167054,0.43486567289334704,0.3951511451684961,0.2930175356992973,0.39064740589506336,0.3987438078811203,0.9615319409317717,1.0,0.1918543428914553,0.4455015813611751,0.43965394957798665
Rolling_Std_14,0.8053547913895588,0.8154902884022994,0.8079911629689256,0.8111244682252753,-0.198804924964596,0.8113491692791407,0.8130854633241585,0.11275519766018598,0.8127856595019083,0.9487060529430599,0.840549905022238,0.7751517129074686,0.20775211344633188,0.1918543428914553,1.0,0.8118180745252015,0.8107525765309408
Close_Lag1,0.9914024237636866,0.9993578198109309,0.9991107823454951,0.9995522210811056,-0.40548442199033796,0.996943047558665,0.9978959947034386,0.13271637482339135,0.9953425804672626,0.8379592357545271,0.9946870819840674,0.9913950417026967,0.4243403318223966,0.4455015813611751,0.8118180745252015,1.0,0.9988350069129095
Rolling_Mean_7,0.9907416287199207,0.9987042415651536,0.9981354235151383,0.9985223045634272,-0.4052589765111796,0.9989387593229724,0.9993968182753626,0.1164400916276428,0.99752647663968,0.8364375008485194,0.9965099270463709,0.9940075431045112,0.41076249368062784,0.43965394957798665,0.8107525765309408,0.9988350069129095,1.0
