,Close,High,Low,Open,Volume,SMA_14,EMA_14,RSI_14,BB_Middle,BB_Std,BB_Upper,BB_Lower,MACD,MACD_Signal,Rolling_Std_14,Close_Lag1,Rolling_Mean_7
Close,1.0,0.9134576034716704,0.9131425797592576,0.9127223378649727,-0.39465812887459917,0.9073906070933522,0.9095921753966223,0.1841383748853332,0.9060183339573117,0.5046196543242876,0.9033007189296481,0.9011973826208028,0.3502777089031149,0.3599750761483214,0.479087234727493,0.9128913341741126,0.9104686172865035
High,0.9134576034716704,1.0,0.9995191434186826,0.9995627959320056,-0.43031995620652996,0.9951256287405524,0.9965791001572477,0.1907409525514187,0.9927060181822291,0.544689224830853,0.9888904979909634,0.9883672827368553,0.3932429675373378,0.41007563546210035,0.5273848505037853,0.9988120927684957,0.9978207370372608
Low,0.9131425797592576,0.9995191434186826,1.0,0.9996113578340498,-0.4404052931504974,0.9943269230077385,0.9958693161712107,0.19812015549030024,0.9915605032800063,0.5391728199687225,0.9872506897738605,0.9877883218538649,0.4027640976241944,0.4182925084445613,0.5198747842164732,0.9987899155793375,0.9975296938745609
Open,0.9127223378649727,0.9995627959320056,0.9996113578340498,1.0,-0.4352422327802355,0.9950081042726656,0.9964282858136347,0.1899428849596025,0.9924467424795047,0.541189627205134,0.9882896790347823,0.9884948507060071,0.3973158735517395,0.4147633324968726,0.522739104165816,0.9991380334865039,0.9978359925605365
Volume,-0.39465812887459917,-0.43031995620652996,-0.4404052931504974,-0.4352422327802355,1.0,-0.419053186771317,-0.4207884627255657,-0.2393845902100648,-0.41307065294151524,-0.004763983376434345,-0.3888447391825088,-0.4367566594449987,-0.3070921089128394,-0.29350844350947836,0.049725494965657216,-0.43129723806826886,-0.4263771420544949
SMA_14,0.9073906070933522,0.9951256287405524,0.9943269230077385,0.9950081042726656,-0.419053186771317,1.0,0.9997106384520941,0.12006431752447398,0.9992165586873883,0.5477842610429917,0.9953273232555792,0.9949041964592065,0.34377895517152945,0.38428309508743047,0.5275901040416711,0.9956539858805107,0.9985340788909721
EMA_14,0.9095921753966223,0.9965791001572477,0.9958693161712107,0.9964282858136347,-0.4207884627255657,0.9997106384520941,1.0,0.13067259466696218,0.9989644762538363,0.5498486332031853,0.9953009439452551,0.9944001580369982,0.34545078329398227,0.3798911360382319,0.5310165673527207,0.9969954454697122,0.999147961953027
RSI_14,0.1841383748853332,0.1907409525514187,0.19812015549030024,0.1899428849596025,-0.2393845902100648,0.12006431752447398,0.13067259466696218,1.0,0.09357717057995779,0.057999943068828705,0.09389648876883189,0.09240362010148206,0.6833704241363954,0.516738500660791,0.03279763253981301,0.18423378229382328,0.1605512913211189
BB_Middle,0.9060183339573117,0.9927060181822291,0.9915605032800063,0.9924467424795047,-0.41307065294151524,0.9992165586873883,0.9989644762538363,0.09357717057995779,1.0,0.5507591527785846,0.9963674152750991,0.9953918262566019,0.3118555093865996,0.35572843969502066,0.532854983953254,0.9931010930506492,0.996394476977819
BB_Std,0.5046196543242876,0.544689224830853,0.5391728199687225,0.541189627205134,-0.004763983376434345,0.5477842610429917,0.5498486332031853,0.057999943068828705,0.5507591527785846,1.0,0.619837244157155,0.4681842491090604,0.0375970679745507,0.027713840816777007,0.8722153194026494,0.5433066932508922,0.5463633502782217
BB_Upper,0.9033007189296481,0.9888904979909634,0.9872506897738605,0.9882896790347823,-0.3888447391825088,0.9953273232555792,0.9953009439452551,0.09389648876883189,0.9963674152750991,0.619837244157155,1.0,0.9836100327472278,0.29703466643663345,0.33727453794975654,0.5899666693803596,0.9891208815485819,0.9925291010454979
BB_Lower,0.9011973826208028,0.9883672827368553,0.9877883218538649,0.9884948507060071,-0.4367566594449987,0.9949041964592065,0.9944001580369982,0.09240362010148206,0.9953918262566019,0.4681842491090604,0.9836100327472278,1.0,0.3258315409498857,0.3734137765526305,0.463910366923495,0.988944368561929,0.9920797963058962
MACD,0.3502777089031149,0.3932429675373378,0.4027640976241944,0.3973158735517395,-0.3070921089128394,0.34377895517152945,0.34545078329398227,0.6833704241363954,0.3118555093865996,0.0375970679745507,0.29703466643663345,0.3258315409498857,1.0,0.9558338596944782,0.008982839634384836,0.39492079678799025,0.37922089738609527
MACD_Signal,0.3599750761483214,0.41007563546210035,0.4182925084445613,0.4147633324968726,-0.29350844350947836,0.38428309508743047,0.3798911360382319,0.516738500660791,0.35572843969502066,0.027713840816777007,0.33727453794975654,0.3734137765526305,0.9558338596944782,1.0,-0.005845414817109734,0.41343180752056036,0.40795040378887215
Rolling_Std_14,0.479087234727493,0.5273848505037853,0.5198747842164732,0.522739104165816,0.049725494965657216,0.5275901040416711,0.5310165673527207,0.03279763253981301,0.532854983953254,0.8722153194026494,0.5899666693803596,0.463910366923495,0.008982839634384836,-0.005845414817109734,1.0,0.524676167163304,0.5268257659086468
Close_Lag1,0.9128913341741126,0.9988120927684957,0.9987899155793375,0.9991380334865039,-0.43129723806826886,0.9956539858805107,0.9969954454697122,0.18423378229382328,0.9931010930506492,0.5433066932508922,0.9891208815485819,0.988944368561929,0.39492079678799025,0.41343180752056036,0.524676167163304,1.0,0.9983901540351894
Rolling_Mean_7,0.9104686172865035,0.9978207370372608,0.9975296938745609,0.9978359925605365,-0.4263771420544949,0.9985340788909721,0.999147961953027,0.1605512913211189,0.996394476977819,0.5463633502782217,0.9925291010454979,0.9920797963058962,0.37922089738609527,0.40795040378887215,0.5268257659086468,0.9983901540351894,1.0
