,Close,High,Low,Open,Volume,SMA_14,EMA_14,RSI_14,BB_Middle,BB_Std,BB_Upper,BB_Lower,MACD,MACD_Signal,Rolling_Std_14,Close_Lag1,Rolling_Mean_7
Close,1.0,0.8885555154373658,0.8888003407376613,0.8870860321805811,-0.040665584246365696,0.8681364687167865,0.8751607917829471,0.19165698562163289,0.8594426269200026,0.5087716954335414,0.8552379788562213,0.8396398897703997,0.32862899052388006,0.33871708156436175,0.47527962162759746,0.8852552996963496,0.8796409340960831
High,0.8885555154373658,1.0,0.9978863201808,0.9980445492609976,-0.013518843358159609,0.9765259040850779,0.9838110539038,0.2209272487149019,0.9645652533102088,0.5684270621506916,0.9593975716115545,0.9428961457647681,0.38370933221438824,0.39682007364135,0.5481551491388023,0.9961547876314498,0.9906044506087793
Low,0.8888003407376613,0.9978863201808,1.0,0.9979840622860129,-0.05413096246238299,0.9757875067942123,0.983204135188892,0.22451634456767142,0.9635051650969505,0.5537260245000444,0.9558900830510361,0.9448981837496119,0.3877840068935865,0.4003357247029453,0.5310593431862352,0.9960986720608253,0.9903422353991698
Open,0.8870860321805811,0.9980445492609976,0.9979840622860129,1.0,-0.03699340657989131,0.9781454044409648,0.9850523957164244,0.2112615748141018,0.9660674383661452,0.5625046540962692,0.9597053379523969,0.9458339872399403,0.38297671889719415,0.3987487686316521,0.5411647308806721,0.9981157879272797,0.9918653584323932
Volume,-0.040665584246365696,-0.013518843358159609,-0.05413096246238299,-0.03699340657989131,1.0,-0.06196015581597099,-0.05695367635808058,0.06871564802014565,-0.06637344986168808,0.25689175893606814,-0.014432848958398211,-0.12877400019768845,0.036307960556693976,-0.0022203911328703735,0.31077483940331585,-0.039117865827587285,-0.050657558680939144
SMA_14,0.8681364687167865,0.9765259040850779,0.9757875067942123,0.9781454044409648,-0.06196015581597099,1.0,0.9985654525099088,0.051945446393548936,0.9961584884024197,0.5640331042714368,0.9868112201038282,0.9787467024579742,0.26313570080299886,0.32773148984082223,0.5333229342476941,0.9794306617577074,0.992574716814763
EMA_14,0.8751607917829471,0.9838110539038,0.983204135188892,0.9850523957164244,-0.05695367635808058,0.9985654525099088,1.0,0.0784098421633235,0.9948535834065003,0.5653292671556057,0.9858732007509807,0.9770253577047586,0.2703055781237649,0.3215502394314026,0.5361769247876119,0.9861839011950381,0.9958097231966752
RSI_14,0.19165698562163289,0.2209272487149019,0.22451634456767142,0.2112615748141018,0.06871564802014565,0.051945446393548936,0.0784098421633235,1.0,-0.010381925752472872,0.08279239002371061,0.005168136817660309,-0.029339644858093983,0.7077638727588362,0.5209447649891049,0.11407551573472584,0.20300105412685565,0.1491785908740602
BB_Middle,0.8594426269200026,0.9645652533102088,0.9635051650969505,0.9660674383661452,-0.06637344986168808,0.9961584884024197,0.9948535834065003,-0.010381925752472872,1.0,0.5599193438372835,0.9895207267568309,0.9838784903191787,0.19149668605965986,0.2626662413245602,0.5256598559537575,0.9674873421093033,0.9821423944420894
BB_Std,0.5087716954335414,0.5684270621506916,0.5537260245000444,0.5625046540962692,0.25689175893606814,0.5640331042714368,0.5653292671556057,0.08279239002371061,0.5599193438372835,1.0,0.6736864582803537,0.4027166897312802,0.1944979426869196,0.22370906802193993,0.8582095048308891,0.5626911211849223,0.5663090196871571
BB_Upper,0.8552379788562213,0.9593975716115545,0.9558900830510361,0.9597053379523969,-0.014432848958398211,0.9868112201038282,0.9858732007509807,0.005168136817660309,0.9895207267568309,0.6736864582803537,1.0,0.94774554469561,0.20469939578588994,0.27326924681355796,0.6184190996244404,0.9610043076101696,0.9747062787133154
BB_Lower,0.8396398897703997,0.9428961457647681,0.9448981837496119,0.9458339872399403,-0.12877400019768845,0.9787467024579742,0.9770253577047586,-0.029339644858093983,0.9838784903191787,0.4027166897312802,0.94774554469561,1.0,0.1695714939979016,0.24188987238232115,0.395473900607517,0.9473623559502907,0.9627713920515043
MACD,0.32862899052388006,0.38370933221438824,0.3877840068935865,0.38297671889719415,0.036307960556693976,0.26313570080299886,0.2703055781237649,0.7077638727588362,0.19149668605965986,0.1944979426869196,0.20469939578588994,0.1695714939979016,1.0,0.956081849119938,0.1955264468396555,0.38060003582383667,0.34736036795668723
MACD_Signal,0.33871708156436175,0.39682007364135,0.4003357247029453,0.3987487686316521,-0.0022203911328703735,0.32773148984082223,0.3215502394314026,0.5209447649891049,0.2626662413245602,0.22370906802193993,0.27326924681355796,0.24188987238232115,0.956081849119938,1.0,0.20547816130716567,0.39790120158659587,0.38610565116229684
Rolling_Std_14,0.47527962162759746,0.5481551491388023,0.5310593431862352,0.5411647308806721,0.31077483940331585,0.5333229342476941,0.5361769247876119,0.11407551573472584,0.5256598559537575,0.8582095048308891,0.6184190996244404,0.395473900607517,0.1955264468396555,0.20547816130716567,1.0,0.5393151190480527,0.5398307513734185
Close_Lag1,0.8852552996963496,0.9961547876314498,0.9960986720608253,0.9981157879272797,-0.039117865827587285,0.9794306617577074,0.9861839011950381,0.20300105412685565,0.9674873421093033,0.5626911211849223,0.9610043076101696,0.9473623559502907,0.38060003582383667,0.39790120158659587,0.5393151190480527,1.0,0.992933821939968
Rolling_Mean_7,0.8796409340960831,0.9906044506087793,0.9903422353991698,0.9918653584323932,-0.050657558680939144,0.992574716814763,0.9958097231966752,0.1491785908740602,0.9821423944420894,0.5663090196871571,0.9747062787133154,0.9627713920515043,0.34736036795668723,0.38610565116229684,0.5398307513734185,0.992933821939968,1.0
