,Close,High,Low,Open,Volume,SMA_14,EMA_14,RSI_14,BB_Middle,BB_Std,BB_Upper,BB_Lower,MACD,MACD_Signal,Rolling_Std_14,Close_Lag1,Rolling_Mean_7
Close,1.0,0.8072022825706231,0.8082521500773128,0.8070209491910402,-0.114932459293257,0.7894817102204978,0.7954190811034758,0.1580952144871384,0.7815153460127086,0.1588000720001688,0.7638428334941242,0.7824684498614004,0.2532421581178683,0.267188360730925,0.1479226816814113,0.8049749478874946,0.8008725123691834
High,0.8072022825706231,1.0,0.9982782397156866,0.9986668630311561,-0.12478187631886574,0.981484784561558,0.9870853648138495,0.16436116752262886,0.9722954171687965,0.22406000929392858,0.9542610623105008,0.9691647943683108,0.2975459592016095,0.3208525962411252,0.19570734058813194,0.9963642040078633,0.9919927161609171
Low,0.8082521500773128,0.9982782397156866,1.0,0.9984851763907717,-0.1540263372018125,0.9789546455125301,0.9848472982902922,0.17638584198877988,0.9690396782787607,0.21275684658185123,0.9494914848250434,0.9676387891544709,0.3103547517352128,0.3317233184148559,0.17879038951717985,0.9959328139198211,0.9906736289146578
Open,0.8070209491910402,0.9986668630311561,0.9984851763907717,1.0,-0.1358718329536345,0.9815035961020669,0.9870086201142819,0.16072100821441496,0.9720900946367708,0.21880580378585862,0.953282811051609,0.9698084261226965,0.30144499497717164,0.325820816105614,0.18799871300955176,0.9974885426913831,0.9922622832651566
Volume,-0.114932459293257,-0.12478187631886574,-0.1540263372018125,-0.1358718329536345,1.0,-0.09489437380435083,-0.10193319061778575,-0.15373990048927655,-0.08703046065656195,0.17672332182043632,-0.05606172012188064,-0.11880896814129087,-0.17142347278536452,-0.13424878019981565,0.2588729058847415,-0.12698027950545585,-0.11302124965734028
SMA_14,0.7894817102204978,0.981484784561558,0.9789546455125301,0.9815035961020669,-0.09489437380435083,1.0,0.9988932924528223,0.014942789364981444,0.9970032316357473,0.26360612280953133,0.9835605082142044,0.9882779180537119,0.1904309691978413,0.2589596384691211,0.23413009166522844,0.9835460713751212,0.9942314187872412
EMA_14,0.7954190811034758,0.9870853648138495,0.9848472982902922,0.9870086201142819,-0.10193319061778575,0.9988932924528223,1.0,0.03799851303093784,0.9960276124118553,0.25951562338975454,0.9820263237019818,0.987935225763735,0.19580936451653877,0.2527863586217033,0.2266908410294535,0.9887034289898454,0.9966914524775643
RSI_14,0.1580952144871384,0.16436116752262886,0.17638584198877988,0.16072100821441496,-0.15373990048927655,0.014942789364981444,0.03799851303093784,1.0,-0.04069967451923204,-0.19252105392166458,-0.06726495623537883,-0.010731596527503846,0.714112561670707,0.5259587219949831,-0.18430815481340931,0.1516691564439801,0.10152636514956072
BB_Middle,0.7815153460127086,0.9722954171687965,0.9690396782787607,0.9720900946367708,-0.08703046065656195,0.9970032316357473,0.9960276124118553,-0.04069967451923204,1.0,0.2859406952849991,0.9897304301183055,0.9877388549496718,0.12718552505244485,0.20179896399863514,0.2489310480972924,0.9740281703494271,0.9861470102970893
BB_Std,0.1588000720001688,0.22406000929392858,0.21275684658185123,0.21880580378585862,0.17672332182043632,0.26360612280953133,0.25951562338975454,-0.19252105392166458,0.2859406952849991,1.0,0.4199822196040675,0.13283776737575376,-0.22370973055179805,-0.17113286850405238,0.798933735587648,0.2222243483546425,0.23550543476909017
BB_Upper,0.7638428334941242,0.9542610623105008,0.9494914848250434,0.953282811051609,-0.05606172012188064,0.9835605082142044,0.9820263237019818,-0.06726495623537883,0.9897304301183055,0.4199822196040675,1.0,0.9552790951760046,0.0870823975540031,0.16559008617167256,0.3549372664174724,0.9556282755297456,0.9690869333070102
BB_Lower,0.7824684498614004,0.9691647943683108,0.9676387891544709,0.9698084261226965,-0.11880896814129087,0.9882779180537119,0.987935225763735,-0.010731596527503846,0.9877388549496718,0.13283776737575376,0.9552790951760046,1.0,0.1679972033475792,0.23660595506043072,0.12731501691296912,0.971256083015248,0.9816271643857206
MACD,0.2532421581178683,0.2975459592016095,0.3103547517352128,0.30144499497717164,-0.17142347278536452,0.1904309691978413,0.19580936451653877,0.714112561670707,0.12718552505244485,-0.22370973055179805,0.0870823975540031,0.1679972033475792,1.0,0.9557976702823341,-0.18581024353172895,0.29812417665922153,0.2651486372942687
MACD_Signal,0.267188360730925,0.3208525962411252,0.3317233184148559,0.325820816105614,-0.13424878019981565,0.2589596384691211,0.2527863586217033,0.5259587219949831,0.20179896399863514,-0.17113286850405238,0.16559008617167256,0.23660595506043072,0.9557976702823341,1.0,-0.1322442170623204,0.3247006866724186,0.31129632236467775
Rolling_Std_14,0.1479226816814113,0.19570734058813194,0.17879038951717985,0.18799871300955176,0.2588729058847415,0.23413009166522844,0.2266908410294535,-0.18430815481340931,0.2489310480972924,0.798933735587648,0.3549372664174724,0.12731501691296912,-0.18581024353172895,-0.1322442170623204,1.0,0.1916428243061315,0.20588215436362767
Close_Lag1,0.8049749478874946,0.9963642040078633,0.9959328139198211,0.9974885426913831,-0.12698027950545585,0.9835460713751212,0.9887034289898454,0.1516691564439801,0.9740281703494271,0.2222243483546425,0.9556282755297456,0.971256083015248,0.29812417665922153,0.3247006866724186,0.1916428243061315,1.0,0.9939734197023609
Rolling_Mean_7,0.8008725123691834,0.9919927161609171,0.9906736289146578,0.9922622832651566,-0.11302124965734028,0.9942314187872412,0.9966914524775643,0.10152636514956072,0.9861470102970893,0.23550543476909017,0.9690869333070102,0.9816271643857206,0.2651486372942687,0.31129632236467775,0.20588215436362767,0.9939734197023609,1.0
