,Close,High,Low,Open,Volume,SMA_14,EMA_14,RSI_14,BB_Middle,BB_Std,BB_Upper,BB_Lower,MACD,MACD_Signal,Rolling_Std_14,Close_Lag1,Rolling_Mean_7
Close,1.0,0.7932756654785327,0.7943037880543071,0.7926393558580007,-0.42375584175792946,0.7824719599689566,0.7859853749069846,0.13581794879600798,0.7777555836531145,0.27569605488774046,0.7716324630157402,0.7729638057239979,0.1978329160410587,0.19872442247185063,0.2510520596051892,0.7914575496934965,0.7890531132350886
High,0.7932756654785327,1.0,0.9984407047019586,0.9986486051833238,-0.48839697488088357,0.9881680710067543,0.9919712190702275,0.1339856549403418,0.9828905876565568,0.3582723517057528,0.9763522911041987,0.9755186325993341,0.23226053930559595,0.2385351258286576,0.3369245605624599,0.9977266978572142,0.9947660738772963
Low,0.7943037880543071,0.9984407047019586,1.0,0.9989692478497993,-0.5171687135052344,0.9856823598337896,0.9897697702700787,0.14599855122986521,0.9797593837232076,0.3386016354059929,0.9709873480624115,0.9748844362751512,0.2471595944393811,0.25064400921176605,0.3149460267373844,0.9975051493325721,0.9933967156165849
Open,0.7926393558580007,0.9986486051833238,0.9989692478497993,1.0,-0.5046048562049681,0.9872558651093369,0.991064507514598,0.1337435679013798,0.9815704158367908,0.3471110963140015,0.9737414027364836,0.975634062912016,0.2414445904671757,0.24790817776586332,0.3248035176391598,0.9985488411939408,0.994390692686305
Volume,-0.42375584175792946,-0.48839697488088357,-0.5171687135052344,-0.5046048562049681,1.0,-0.4875012259376064,-0.49004552145594005,-0.14136885677374564,-0.48069484188345857,0.03298831817932523,-0.4521636715241946,-0.5048833207562629,-0.17114180321215364,-0.15374240611312248,0.08689606375792688,-0.5009776290055922,-0.49519389498820854
SMA_14,0.7824719599689566,0.9881680710067543,0.9856823598337896,0.9872558651093369,-0.4875012259376064,1.0,0.9992234062120114,0.015462020512816534,0.9981646963569529,0.35774493174552924,0.9907831869248054,0.99149181095583,0.14635638875219326,0.19301278963113958,0.33887830185135465,0.988741209031934,0.9960419003328174
EMA_14,0.7859853749069846,0.9919712190702275,0.9897697702700787,0.991064507514598,-0.49004552145594005,0.9992234062120114,1.0,0.03494718264292428,0.9974870391542531,0.3607308888258967,0.9905034104512601,0.9903876607223171,0.15245870275661128,0.18808508478453623,0.3415105348737627,0.9924945473067655,0.9978483105873356
RSI_14,0.13581794879600798,0.1339856549403418,0.14599855122986521,0.1337435679013798,-0.14136885677374564,0.015462020512816534,0.03494718264292428,1.0,-0.0270891280830928,-0.033532387012586276,-0.02978754466333914,-0.023727776078407672,0.7031277952864882,0.4921939282337507,-0.07307500380529114,0.12545957124211493,0.08463696701184582
BB_Middle,0.7777555836531145,0.9828905876565568,0.9797593837232076,0.9815704158367908,-0.48069484188345857,0.9981646963569529,0.9974870391542531,-0.0270891280830928,1.0,0.3663368207995523,0.9935703046653896,0.9922557046066447,0.09767573648705791,0.1488639177978193,0.349441959688637,0.9831821388067427,0.9911110373711022
BB_Std,0.27569605488774046,0.3582723517057528,0.3386016354059929,0.3471110963140015,0.03298831817932523,0.35774493174552924,0.3607308888258967,-0.033532387012586276,0.3663368207995523,1.0,0.4693276407034821,0.24792274724308339,-0.14477841790859644,-0.1612822435536278,0.8514924926086671,0.34892217244927576,0.35101699340639253
BB_Upper,0.7716324630157402,0.9763522911041987,0.9709873480624115,0.9737414027364836,-0.4521636715241946,0.9907831869248054,0.9905034104512601,-0.02978754466333914,0.9935703046653896,0.4693276407034821,1.0,0.9718129162874883,0.07507791999036156,0.12164719543830282,0.43522476978487684,0.9754912850276529,0.9832706672062377
BB_Lower,0.7729638057239979,0.9755186325993341,0.9748844362751512,0.975634062912016,-0.5048833207562629,0.99149181095583,0.9903876607223171,-0.023727776078407672,0.9922557046066447,0.24792274724308339,0.9718129162874883,1.0,0.1210227146107507,0.1765208670726158,0.25015708492899635,0.9770703581425585,0.9850459583711981
MACD,0.1978329160410587,0.23226053930559595,0.2471595944393811,0.2414445904671757,-0.17114180321215364,0.14635638875219326,0.15245870275661128,0.7031277952864882,0.09767573648705791,-0.14477841790859644,0.07507791999036156,0.1210227146107507,1.0,0.9453871800553001,-0.17887953525505873,0.23533872714804666,0.2083504130301589
MACD_Signal,0.19872442247185063,0.2385351258286576,0.25064400921176605,0.24790817776586332,-0.15374240611312248,0.19301278963113958,0.18808508478453623,0.4921939282337507,0.1488639177978193,-0.1612822435536278,0.12164719543830282,0.1765208670726158,0.9453871800553001,1.0,-0.19096986362992074,0.24301703215591391,0.23441388329715032
Rolling_Std_14,0.2510520596051892,0.3369245605624599,0.3149460267373844,0.3248035176391598,0.08689606375792688,0.33887830185135465,0.3415105348737627,-0.07307500380529114,0.349441959688637,0.8514924926086671,0.43522476978487684,0.25015708492899635,-0.17887953525505873,-0.19096986362992074,1.0,0.32661396751026167,0.3301894705935704
Close_Lag1,0.7914575496934965,0.9977266978572142,0.9975051493325721,0.9985488411939408,-0.5009776290055922,0.988741209031934,0.9924945473067655,0.12545957124211493,0.9831821388067427,0.34892217244927576,0.9754912850276529,0.9770703581425585,0.23533872714804666,0.24301703215591391,0.32661396751026167,1.0,0.9957676206527807
Rolling_Mean_7,0.7890531132350886,0.9947660738772963,0.9933967156165849,0.994390692686305,-0.49519389498820854,0.9960419003328174,0.9978483105873356,0.08463696701184582,0.9911110373711022,0.35101699340639253,0.9832706672062377,0.9850459583711981,0.2083504130301589,0.23441388329715032,0.3301894705935704,0.9957676206527807,1.0
