,Close,High,Low,Open,Volume,SMA_14,EMA_14,RSI_14,BB_Middle,BB_Std,BB_Upper,BB_Lower,MACD,MACD_Signal,Rolling_Std_14,Close_Lag1,Rolling_Mean_7
Close,1.0,0.8144782460922758,0.8150118213671345,0.8126715218114984,-0.3202876665534504,0.8003232947124775,0.8041314710431564,0.18749488015583718,0.7942050282342551,0.08742575003148349,0.7798322189562574,0.7936340446068597,0.2995593849861457,0.3091963880068254,0.09074074320221766,0.8118627786143875,0.8080485084958585
High,0.8144782460922758,1.0,0.9986417900085593,0.9988249823178185,-0.35473055523355107,0.9868820923604704,0.9910559256991833,0.18948501932886408,0.9806887687173571,0.14098454192815243,0.9674716802542545,0.9752266988755431,0.339040492196938,0.35561118448194295,0.13921816708751322,0.9974396286112224,0.994363106971786
Low,0.8150118213671345,0.9986417900085593,1.0,0.9988931447220902,-0.378177283790874,0.9843390329982785,0.9887885847629473,0.20066978580726427,0.9774637716098067,0.12308671623049573,0.9618988521291072,0.9745304993259936,0.3556072104591807,0.37064325231736595,0.11916303012892109,0.997226775047083,0.9929967912926373
Open,0.8126715218114984,0.9988249823178185,0.9988931447220902,1.0,-0.36624896310362653,0.9863727649632631,0.9904809896771231,0.18656982611403328,0.9799253129457459,0.1346923693259241,0.9658705260378574,0.9753578737119282,0.34637522647006674,0.3644881506017225,0.13056606704755724,0.9982439967023476,0.9941663784982189
Volume,-0.3202876665534504,-0.35473055523355107,-0.378177283790874,-0.36624896310362653,1.0,-0.34590293611018996,-0.34837982201329265,-0.15258242314767706,-0.33637173028352163,0.12562314143337644,-0.30797499860645927,-0.3595545169418198,-0.29856012679336696,-0.307801791415681,0.17164218531036782,-0.3682532883251195,-0.35824338714223714
SMA_14,0.8003232947124775,0.9868820923604704,0.9843390329982785,0.9863727649632631,-0.34590293611018996,1.0,0.9991590659926297,0.06682740151908872,0.9979111746205402,0.1628308818824975,0.9871188456665485,0.9895634942949311,0.25358576932699756,0.3132950035632697,0.15637816138024438,0.9876216308208204,0.9957189064770822
EMA_14,0.8041314710431564,0.9910559256991833,0.9887885847629473,0.9904809896771231,-0.34837982201329265,0.9991590659926297,1.0,0.08746382388262387,0.997156294425446,0.16292754714603172,0.9864022830073889,0.9887832678541084,0.2591892778757387,0.30765777620985507,0.1567081744833402,0.9916632284153908,0.9976569212672675
RSI_14,0.18749488015583718,0.18948501932886408,0.20066978580726427,0.18656982611403328,-0.15258242314767706,0.06682740151908872,0.08746382388262387,1.0,0.021542479892810516,-0.12347101022711272,0.0038919295217758657,0.03965054264527592,0.68853441574398,0.48324101803445857,-0.11975087456707803,0.18008141221657398,0.1395984728298936
BB_Middle,0.7942050282342551,0.9806887687173571,0.9774637716098067,0.9799253129457459,-0.33637173028352163,0.9979111746205402,0.997156294425446,0.021542479892810516,1.0,0.17523955443314318,0.9908403193139625,0.9898968627314615,0.20218302897206644,0.26744548439766674,0.1697411772080968,0.9811317964067798,0.990116501636024
BB_Std,0.08742575003148349,0.14098454192815243,0.12308671623049573,0.1346923693259241,0.12562314143337644,0.1628308818824975,0.16292754714603172,-0.12347101022711272,0.17523955443314318,1.0,0.306583544041733,0.03387387312634786,-0.26982269111055346,-0.2731678045034499,0.8406449525970466,0.13784872683954313,0.1480622781061576
BB_Upper,0.7798322189562574,0.9674716802542545,0.9618988521291072,0.9658705260378574,-0.30797499860645927,0.9871188456665485,0.9864022830073889,0.0038919295217758657,0.9908403193139625,0.306583544041733,1.0,0.9616826770850601,0.1584622086508908,0.22109940830270183,0.2794103604039088,0.9674698891549792,0.9775572432991187
BB_Lower,0.7936340446068597,0.9752266988755431,0.9745304993259936,0.9753578737119282,-0.3595545169418198,0.9895634942949311,0.9887832678541084,0.03965054264527592,0.9898968627314615,0.03387387312634786,0.9616826770850601,1.0,0.24410224664776772,0.310834171746988,0.0512422507903245,0.976128044882114,0.9837777953892859
MACD,0.2995593849861457,0.339040492196938,0.3556072104591807,0.34637522647006674,-0.29856012679336696,0.25358576932699756,0.2591892778757387,0.68853441574398,0.20218302897206644,-0.26982269111055346,0.1584622086508908,0.24410224664776772,1.0,0.9470905287023706,-0.2618383105234159,0.3441561687252446,0.3161830109967133
MACD_Signal,0.3091963880068254,0.35561118448194295,0.37064325231736595,0.3644881506017225,-0.307801791415681,0.3132950035632697,0.30765777620985507,0.48324101803445857,0.26744548439766674,-0.2731678045034499,0.22109940830270183,0.310834171746988,0.9470905287023706,1.0,-0.26607968191380327,0.36311552258033797,0.3541137479420178
Rolling_Std_14,0.09074074320221766,0.13921816708751322,0.11916303012892109,0.13056606704755724,0.17164218531036782,0.15637816138024438,0.1567081744833402,-0.11975087456707803,0.1697411772080968,0.8406449525970466,0.2794103604039088,0.0512422507903245,-0.2618383105234159,-0.26607968191380327,1.0,0.13254051774691808,0.14177549772170606
Close_Lag1,0.8118627786143875,0.9974396286112224,0.997226775047083,0.9982439967023476,-0.3682532883251195,0.9876216308208204,0.9916632284153908,0.18008141221657398,0.9811317964067798,0.13784872683954313,0.9674698891549792,0.976128044882114,0.3441561687252446,0.36311552258033797,0.13254051774691808,1.0,0.9954640715307782
Rolling_Mean_7,0.8080485084958585,0.994363106971786,0.9929967912926373,0.9941663784982189,-0.35824338714223714,0.9957189064770822,0.9976569212672675,0.1395984728298936,0.990116501636024,0.1480622781061576,0.9775572432991187,0.9837777953892859,0.3161830109967133,0.3541137479420178,0.14177549772170606,0.9954640715307782,1.0
