,Close,High,Low,Open,Volume,SMA_14,EMA_14,RSI_14,BB_Middle,BB_Std,BB_Upper,BB_Lower,MACD,MACD_Signal,Rolling_Std_14,Close_Lag1,Rolling_Mean_7
Close,1.0,0.9789492532835073,0.9791426355043238,0.978636672034547,-0.40577685861902846,0.9752702931192329,0.9764363245543762,0.10200647614786931,0.9735847767841979,0.8014173125949505,0.9733113729535521,0.9688984876820674,0.39773247040315696,0.4267940764935018,0.7835758403994303,0.9780476953144545,0.9774899388273431
High,0.9789492532835073,1.0,0.9995359555683652,0.9997170498544591,-0.4074574734182924,0.9967401502799907,0.9977509729097783,0.0955981908148776,0.9951608086864977,0.8219415740199116,0.9951729354170067,0.9900193588846702,0.40165990169424004,0.43404138185381697,0.8039302821409512,0.9993701093735607,0.9985976935359788
Low,0.9791426355043238,0.9995359555683652,1.0,0.9996096370614254,-0.4186321327140046,0.995815904635169,0.9969456303142538,0.10171215904302029,0.9940651480248653,0.815910050328844,0.9935363733755068,0.9895810183844477,0.4105318768046212,0.4414563724909124,0.7963728555007431,0.999143382414055,0.9980588667108155
Open,0.978636672034547,0.9997170498544591,0.9996096370614254,1.0,-0.41191269050949103,0.9963053484987271,0.9973659599711767,0.09656509218873331,0.9946285464428393,0.8189245249185001,0.9943687302242024,0.989817474385755,0.40644631186232527,0.43860059056849776,0.8001834806075355,0.9995460848546958,0.9983742472303694
Volume,-0.40577685861902846,-0.4074574734182924,-0.4186321327140046,-0.41191269050949103,1.0,-0.41280275798391725,-0.4136264551963532,-0.01434544395105167,-0.41400943306288884,-0.21257736013697257,-0.40036518789225084,-0.4283150774176497,-0.11577570167678701,-0.12753553629576167,-0.20415148402109637,-0.41209428937556997,-0.41226512009801364
SMA_14,0.9752702931192329,0.9967401502799907,0.995815904635169,0.9963053484987271,-0.41280275798391725,1.0,0.9997969429015909,0.04608655226451455,0.9994772088645094,0.8107188974972649,0.9979291807885061,0.9961931895135037,0.3579192851768465,0.4092015575029381,0.7964932555220117,0.9968124565784278,0.9989322442820364
EMA_14,0.9764363245543762,0.9977509729097783,0.9969456303142538,0.9973659599711767,-0.4136264551963532,0.9997969429015909,1.0,0.053535394256501605,0.9993001578788796,0.813000329059061,0.9980082625321121,0.9957084630841496,0.3607909840947634,0.40714493758885395,0.7987489756412607,0.9978114241312918,0.9994016393795214
RSI_14,0.10200647614786931,0.0955981908148776,0.10171215904302029,0.09656509218873331,-0.01434544395105167,0.04608655226451455,0.053535394256501605,1.0,0.02761326217973456,0.15237456124027537,0.041283859108838465,0.01100073080383502,0.5636791711013046,0.42074579608252666,0.10154704767011287,0.09239748550106106,0.07477123768242244
BB_Middle,0.9735847767841979,0.9951608086864977,0.9940651480248653,0.9946285464428393,-0.41400943306288884,0.9994772088645094,0.9993001578788796,0.02761326217973456,1.0,0.8074452746158941,0.9980610320806518,0.9971842899287536,0.3329726742128626,0.3866254022099976,0.7964679725707258,0.9951727644679281,0.9975160017725331
BB_Std,0.8014173125949505,0.8219415740199116,0.815910050328844,0.8189245249185001,-0.21257736013697257,0.8107188974972649,0.813000329059061,0.15237456124027537,0.8074452746158941,1.0,0.8425993836803529,0.7609319885044014,0.30779551459223087,0.2829686817217449,0.9514594832711935,0.8182224443202475,0.8156212279296324
BB_Upper,0.9733113729535521,0.9951729354170067,0.9935363733755068,0.9943687302242024,-0.40036518789225084,0.9979291807885061,0.9980082625321121,0.041283859108838465,0.9980610320806518,0.8425993836803529,1.0,0.990583191325605,0.33643530244666364,0.382793879221413,0.8274571828342424,0.994791456410997,0.9966560820569024
BB_Lower,0.9688984876820674,0.9900193588846702,0.9895810183844477,0.989817474385755,-0.4283150774176497,0.9961931895135037,0.9957084630841496,0.01100073080383502,0.9971842899287536,0.7609319885044014,0.990583191325605,1.0,0.32708551653787293,0.3892497988783915,0.7550290904916629,0.9905052615496139,0.993413056226137
MACD,0.39773247040315696,0.40165990169424004,0.4105318768046212,0.40644631186232527,-0.11577570167678701,0.3579192851768465,0.3607909840947634,0.5636791711013046,0.3329726742128626,0.30779551459223087,0.33643530244666364,0.32708551653787293,1.0,0.9575871517396366,0.20874302721014906,0.40359413320457016,0.38885176053063714
MACD_Signal,0.4267940764935018,0.43404138185381697,0.4414563724909124,0.43860059056849776,-0.12753553629576167,0.4092015575029381,0.40714493758885395,0.42074579608252666,0.3866254022099976,0.2829686817217449,0.382793879221413,0.3892497988783915,0.9575871517396366,1.0,0.18877473550919593,0.43674674587910434,0.4306209498928621
Rolling_Std_14,0.7835758403994303,0.8039302821409512,0.7963728555007431,0.8001834806075355,-0.20415148402109637,0.7964932555220117,0.7987489756412607,0.10154704767011287,0.7964679725707258,0.9514594832711935,0.8274571828342424,0.7550290904916629,0.20874302721014906,0.18877473550919593,1.0,0.8000586399071221,0.7980222517053122
Close_Lag1,0.9780476953144545,0.9993701093735607,0.999143382414055,0.9995460848546958,-0.41209428937556997,0.9968124565784278,0.9978114241312918,0.09239748550106106,0.9951727644679281,0.8182224443202475,0.994791456410997,0.9905052615496139,0.40359413320457016,0.43674674587910434,0.8000586399071221,1.0,0.998778173141487
Rolling_Mean_7,0.9774899388273431,0.9985976935359788,0.9980588667108155,0.9983742472303694,-0.41226512009801364,0.9989322442820364,0.9994016393795214,0.07477123768242244,0.9975160017725331,0.8156212279296324,0.9966560820569024,0.993413056226137,0.38885176053063714,0.4306209498928621,0.7980222517053122,0.998778173141487,1.0
