,Close,High,Low,Open,Volume,SMA_14,EMA_14,RSI_14,BB_Middle,BB_Std,BB_Upper,BB_Lower,MACD,MACD_Signal,Rolling_Std_14,Close_Lag1,Rolling_Mean_7
Close,1.0,0.7842800882421123,0.7845137407758165,0.782336188078751,-0.13734138263152387,0.7710707719492889,0.7760741926641084,0.1197391254339494,0.7664059037491293,0.19854708700439647,0.7554226517236542,0.7610731580833269,0.21039876492089007,0.2277065496105899,0.14440971066473327,0.7807772290781404,0.778279020678852
High,0.7842800882421123,1.0,0.9982920193027189,0.9986308949801723,-0.13471915057393533,0.9820172167090027,0.9873992435106556,0.16043821875827538,0.9730702514843677,0.23002475518794746,0.9558912877097889,0.9698297693166019,0.2882509697180428,0.3106165614503221,0.20017174110371574,0.996323257348139,0.9920979943472394
Low,0.7845137407758165,0.9982920193027189,1.0,0.9985449122518837,-0.1626253824059931,0.9796155044801952,0.9852318310924315,0.1713674509004426,0.9699923144039201,0.21922744278734121,0.9513915404997649,0.9683734407071013,0.3014654936262083,0.3223759388215752,0.18343196422143307,0.9960359464053103,0.9907915097070945
Open,0.782336188078751,0.9986308949801723,0.9985449122518837,1.0,-0.14694588908363973,0.9820164718703696,0.9872723737009291,0.1568090388861231,0.972828760304641,0.22477097221222306,0.9548922609334212,0.9704206589731773,0.29298916781996587,0.3166736538503268,0.19235203655369143,0.9974424412843845,0.9923327523494425
Volume,-0.13734138263152387,-0.13471915057393533,-0.1626253824059931,-0.14694588908363973,1.0,-0.11562766750410743,-0.12021843192842958,-0.11462020357259048,-0.10860455941686843,0.15547746852313554,-0.08013181892437969,-0.13723064642985808,-0.16320641693274549,-0.14354253047583265,0.22444209560480718,-0.14087587614968353,-0.12976759131653914
SMA_14,0.7710707719492889,0.9820172167090027,0.9796155044801952,0.9820164718703696,-0.11562766750410743,1.0,0.9989241966545422,0.013715066000742,0.9970639549740231,0.26704695924181787,0.9840571314721593,0.988726884958739,0.18371118327465832,0.25054255523578406,0.23682861754993031,0.9838453823481565,0.9943399614991393
EMA_14,0.7760741926641084,0.9873992435106556,0.9852318310924315,0.9872723737009291,-0.12021843192842958,0.9989241966545422,1.0,0.03605192356481005,0.9961430782807891,0.26445305112886597,0.9828041750446563,0.9881893184475843,0.1885068872675952,0.24393873194621324,0.23021659967844066,0.9888735166183394,0.9967136386749106
RSI_14,0.1197391254339494,0.16043821875827538,0.1713674509004426,0.1568090388861231,-0.11462020357259048,0.013715066000742,0.03605192356481005,1.0,-0.041351233340029374,-0.181625611545043,-0.06581327958607812,-0.013713959164866955,0.7118696892142038,0.5241683240290709,-0.18544137474139463,0.14885925698083927,0.09896937679699813
BB_Middle,0.7664059037491293,0.9730702514843677,0.9699923144039201,0.972828760304641,-0.10860455941686843,0.9970639549740231,0.9961430782807891,-0.041351233340029374,1.0,0.2893274074875977,0.9901057551448512,0.9881988925415108,0.12048237761093161,0.1932294306614468,0.2530355440475936,0.9745386548510986,0.9863794971116479
BB_Std,0.19854708700439647,0.23002475518794746,0.21922744278734121,0.22477097221222306,0.15547746852313554,0.26704695924181787,0.26445305112886597,-0.181625611545043,0.2893274074875977,1.0,0.4207863124512112,0.13928813779487062,-0.24906070419363488,-0.20522725346835255,0.8018768361031787,0.22717152367371932,0.23999874299378202
BB_Upper,0.7554226517236542,0.9558912877097889,0.9513915404997649,0.9548922609334212,-0.08013181892437969,0.9840571314721593,0.9828041750446563,-0.06581327958607812,0.9901057551448512,0.4207863124512112,1.0,0.9569272396683685,0.0776696966463972,0.15303720003094387,0.3573493348142725,0.956864618869614,0.9699664747497535
BB_Lower,0.7610731580833269,0.9698297693166019,0.9683734407071013,0.9704206589731773,-0.13723064642985808,0.988726884958739,0.9881893184475843,-0.013713959164866955,0.9881988925415108,0.13928813779487062,0.9569272396683685,1.0,0.16449342671068543,0.2327358053738643,0.13344802449758164,0.9718054031678645,0.9820021058746348
MACD,0.21039876492089007,0.2882509697180428,0.3014654936262083,0.29298916781996587,-0.16320641693274549,0.18371118327465832,0.1885068872675952,0.7118696892142038,0.12048237761093161,-0.24906070419363488,0.0776696966463972,0.16449342671068543,1.0,0.9558891452939512,-0.20205211209918775,0.29023928215739253,0.25766621980305354
MACD_Signal,0.2277065496105899,0.3106165614503221,0.3223759388215752,0.3166736538503268,-0.14354253047583265,0.25054255523578406,0.24393873194621324,0.5241683240290709,0.1932294306614468,-0.20522725346835255,0.15303720003094387,0.2327358053738643,0.9558891452939512,1.0,-0.149331850371259,0.31549610073138223,0.30235685623017633
Rolling_Std_14,0.14440971066473327,0.20017174110371574,0.18343196422143307,0.19235203655369143,0.22444209560480718,0.23682861754993031,0.23021659967844066,-0.18544137474139463,0.2530355440475936,0.8018768361031787,0.3573493348142725,0.13344802449758164,-0.20205211209918775,-0.149331850371259,1.0,0.19430816656149666,0.20842068592777285
Close_Lag1,0.7807772290781404,0.996323257348139,0.9960359464053103,0.9974424412843845,-0.14087587614968353,0.9838453823481565,0.9888735166183394,0.14885925698083927,0.9745386548510986,0.22717152367371932,0.956864618869614,0.9718054031678645,0.29023928215739253,0.31549610073138223,0.19430816656149666,1.0,0.9940757004639128
Rolling_Mean_7,0.778279020678852,0.9920979943472394,0.9907915097070945,0.9923327523494425,-0.12976759131653914,0.9943399614991393,0.9967136386749106,0.09896937679699813,0.9863794971116479,0.23999874299378202,0.9699664747497535,0.9820021058746348,0.25766621980305354,0.30235685623017633,0.20842068592777285,0.9940757004639128,1.0
