,Close,High,Low,Open,Volume,SMA_14,EMA_14,RSI_14,BB_Middle,BB_Std,BB_Upper,BB_Lower,MACD,MACD_Signal,Rolling_Std_14,Close_Lag1,Rolling_Mean_7
Close,1.0,0.8221484797304073,0.8224347631235659,0.8215107667792402,-0.08821453667505076,0.809594787706964,0.8131455473580992,0.1397049289640225,0.8054578430554777,0.34808084623401636,0.8024368355604616,0.7990317956499624,0.23100855518518185,0.21989171540568922,0.3409864145509645,0.8205628843553926,0.8154150246096464
High,0.8221484797304073,1.0,0.9989413806984427,0.9990836008206514,-0.08407086759261093,0.9891515205435704,0.9923807331790919,0.1412402510491497,0.9842418532665513,0.42073551275787535,0.9800324983615624,0.9769607342799501,0.27831955035103506,0.27674516075104927,0.3968101891948325,0.9975921334898328,0.99496357302677
Low,0.8224347631235659,0.9989413806984427,1.0,0.999019001105166,-0.11306987961540417,0.9879252426909351,0.991263741704286,0.15156100705638104,0.9825721721469574,0.41105497149179365,0.9773622409553918,0.9764152497384517,0.29028398643340475,0.28849477023015807,0.3851122807773748,0.9974679009359756,0.9944171099207652
Open,0.8215107667792402,0.9990836008206514,0.999019001105166,1.0,-0.09701369092514517,0.9891687004967157,0.9923425070504612,0.13903816858141974,0.9840915519256406,0.41492263514502775,0.979236790972682,0.9775243500845993,0.2822758303347434,0.2819359807263145,0.390635856780745,0.9983064002645928,0.9952112867226399
Volume,-0.08821453667505076,-0.08407086759261093,-0.11306987961540417,-0.09701369092514517,1.0,-0.0943639191961018,-0.09474114456180756,-0.10420810310671902,-0.09014650321472788,0.09559567695693517,-0.07468693453280173,-0.10611126616961193,-0.12282839531146406,-0.13066293628682119,0.19806973459336757,-0.10193667660647213,-0.09943250923585495
SMA_14,0.809594787706964,0.9891515205435704,0.9879252426909351,0.9891687004967157,-0.0943639191961018,1.0,0.9993933266705097,0.03134554679527171,0.9984400629402969,0.4176962229226284,0.9931463303226316,0.9921833401201948,0.19747927841690166,0.23115574041566805,0.3851727826872809,0.990376001109331,0.9968695131085821
EMA_14,0.8131455473580992,0.9923807331790919,0.991263741704286,0.9923425070504612,-0.09474114456180756,0.9993933266705097,1.0,0.047846211813001874,0.9978862057286751,0.4212604875027571,0.9930220126877916,0.991162269616648,0.20256061678755335,0.22736791679133603,0.3915560916880783,0.9933661730909219,0.9982357804104608
RSI_14,0.1397049289640225,0.1412402510491497,0.15156100705638104,0.13903816858141974,-0.10420810310671902,0.03134554679527171,0.047846211813001874,1.0,-0.008741529311634012,0.014608011690597654,-0.006642501443237839,-0.010951534825085584,0.7065778635239259,0.5267002887679886,-0.017175254955208403,0.13086847459282347,0.09212904078486893
BB_Middle,0.8054578430554777,0.9842418532665513,0.9825721721469574,0.9840915519256406,-0.09014650321472788,0.9984400629402969,0.9978862057286751,-0.008741529311634012,1.0,0.41908292606017683,0.9947804976475888,0.99364247592238,0.1518315532242337,0.18938690676951023,0.3912930858478433,0.9852978591479825,0.9926364029152073
BB_Std,0.34808084623401636,0.42073551275787535,0.41105497149179365,0.41492263514502775,0.09559567695693517,0.4176962229226284,0.4212604875027571,0.014608011690597654,0.41908292606017683,1.0,0.5095407516954952,0.31420030805590216,-0.05239405111848436,-0.09079642956611393,0.8283628814009301,0.41633581599930153,0.4173708371105338
BB_Upper,0.8024368355604616,0.9800324983615624,0.9773622409553918,0.979236790972682,-0.07468693453280173,0.9931463303226316,0.9930220126877916,-0.006642501443237839,0.9947804976475888,0.5095407516954952,1.0,0.9769685448714218,0.13799992002796055,0.16927469704571801,0.4639156847611258,0.9805388050871918,0.9876097345667089
BB_Lower,0.7990317956499624,0.9769607342799501,0.9764152497384517,0.9775243500845993,-0.10611126616961193,0.9921833401201948,0.991162269616648,-0.010951534825085584,0.99364247592238,0.31420030805590216,0.9769685448714218,1.0,0.165252767433916,0.20928263713567608,0.3064253253561335,0.9786104449425724,0.9861553392272033
MACD,0.23100855518518185,0.27831955035103506,0.29028398643340475,0.2822758303347434,-0.12282839531146406,0.19747927841690166,0.20256061678755335,0.7065778635239259,0.1518315532242337,-0.05239405111848436,0.13799992002796055,0.165252767433916,1.0,0.9549122589201101,-0.07273350665372944,0.2802772153636893,0.25313153107048725
MACD_Signal,0.21989171540568922,0.27674516075104927,0.28849477023015807,0.2819359807263145,-0.13066293628682119,0.23115574041566805,0.22736791679133603,0.5267002887679886,0.18938690676951023,-0.09079642956611393,0.16927469704571801,0.20928263713567608,0.9549122589201101,1.0,-0.12148504120690166,0.2819489906052078,0.27072593111205984
Rolling_Std_14,0.3409864145509645,0.3968101891948325,0.3851122807773748,0.390635856780745,0.19806973459336757,0.3851727826872809,0.3915560916880783,-0.017175254955208403,0.3912930858478433,0.8283628814009301,0.4639156847611258,0.3064253253561335,-0.07273350665372944,-0.12148504120690166,1.0,0.3891781147764357,0.38689337471051816
Close_Lag1,0.8205628843553926,0.9975921334898328,0.9974679009359756,0.9983064002645928,-0.10193667660647213,0.990376001109331,0.9933661730909219,0.13086847459282347,0.9852978591479825,0.41633581599930153,0.9805388050871918,0.9786104449425724,0.2802772153636893,0.2819489906052078,0.3891781147764357,1.0,0.9962259391465712
Rolling_Mean_7,0.8154150246096464,0.99496357302677,0.9944171099207652,0.9952112867226399,-0.09943250923585495,0.9968695131085821,0.9982357804104608,0.09212904078486893,0.9926364029152073,0.4173708371105338,0.9876097345667089,0.9861553392272033,0.25313153107048725,0.27072593111205984,0.38689337471051816,0.9962259391465712,1.0
