,Close,High,Low,Open,Volume,SMA_14,EMA_14,RSI_14,BB_Middle,BB_Std,BB_Upper,BB_Lower,MACD,MACD_Signal,Rolling_Std_14,Close_Lag1,Rolling_Mean_7
Close,1.0,0.8033314591053891,0.8034426907281,0.8030619755578785,-0.2769370697102672,0.8019288354955668,0.80294960404133,0.12251602400609177,0.7993508349145112,0.23672979333737007,0.7960775186878001,0.7972856374555868,0.22897657059441515,0.24536615199535328,0.1933039174483704,0.8036455977701277,0.8038381936405241
High,0.8033314591053891,1.0,0.9993377612456765,0.9994090374548299,-0.3332845630798561,0.9940287111271594,0.9959248708830736,0.1645477789424593,0.9912473713270836,0.32631420934533845,0.9899335298903312,0.9857926929809407,0.3027803445698446,0.31984837564821156,0.270863340789465,0.9986634398395667,0.9974305720625742
Low,0.8034426907281,0.9993377612456765,1.0,0.9994398329852483,-0.3527454431891193,0.9931883118433102,0.9951464761572364,0.17424038118695448,0.9900312644019448,0.32242965168150245,0.9884270018997159,0.9848910986851317,0.31436107743291053,0.33086391501224477,0.2639467267664105,0.9987181865999173,0.9970949745300726
Open,0.8030619755578785,0.9994090374548299,0.9994398329852483,1.0,-0.3425908245504083,0.9938946232027552,0.9957411121390309,0.16425965636815765,0.9909640788385946,0.3228843743736643,0.9893709548817375,0.985805736049944,0.30759197487267725,0.32576381787399555,0.2659670169663709,0.9991137155741622,0.9974394577115929
Volume,-0.2769370697102672,-0.3332845630798561,-0.3527454431891193,-0.3425908245504083,1.0,-0.3361318126198791,-0.33633530768580944,-0.15610224292051983,-0.3314197777988315,-0.009640547551590594,-0.322644060431522,-0.3383831439573535,-0.1944192022322553,-0.1952054353731749,0.058375592954062715,-0.344448059449639,-0.33988679209894623
SMA_14,0.8019288354955668,0.9940287111271594,0.9931883118433102,0.9938946232027552,-0.3361318126198791,1.0,0.999627003862595,0.08249727988606015,0.9990591398215752,0.31135347212257924,0.996265456512688,0.9951104045759764,0.24647167878725793,0.2912770380372918,0.25684630437938777,0.9944229350653614,0.9981414813793745
EMA_14,0.80294960404133,0.9959248708830736,0.9951464761572364,0.9957411121390309,-0.33633530768580944,0.999627003862595,1.0,0.09527300943129337,0.9987414945839658,0.3143052990707026,0.9962044066084285,0.9945244838975612,0.2494266340913861,0.2870587453488859,0.2615334475102671,0.9962013682023175,0.998955033024405
RSI_14,0.12251602400609177,0.1645477789424593,0.17424038118695448,0.16425965636815765,-0.15610224292051983,0.08249727988606015,0.09527300943129337,1.0,0.05048748159053547,0.11493531162696738,0.05866092423872446,0.04152381257312681,0.7394888499834411,0.5512105538041828,0.011952297631765661,0.15965776382260735,0.1315225758125943
BB_Middle,0.7993508349145112,0.9912473713270836,0.9900312644019448,0.9909640788385946,-0.3314197777988315,0.9990591398215752,0.9987414945839658,0.05048748159053547,1.0,0.30699030665576954,0.9968134071480983,0.9964589235629498,0.21136101995451526,0.25960957084946057,0.2581831321991413,0.991451863551814,0.9956035124472241
BB_Std,0.23672979333737007,0.32631420934533845,0.32242965168150245,0.3228843743736643,-0.009640547551590594,0.31135347212257924,0.3143052990707026,0.11493531162696738,0.30699030665576954,1.0,0.3819288491795818,0.22588228506672725,0.09156016818576551,0.034082408944063225,0.7700207035725191,0.32211979402534047,0.31839524702378524
BB_Upper,0.7960775186878001,0.9899335298903312,0.9884270018997159,0.9893709548817375,-0.322644060431522,0.996265456512688,0.9962044066084285,0.05866092423872446,0.9968134071480983,0.3819288491795818,1.0,0.9865765905144742,0.21292323479682687,0.2549590226662814,0.31525713197240085,0.9897805502455425,0.993499968776509
BB_Lower,0.7972856374555868,0.9857926929809407,0.9848910986851317,0.985805736049944,-0.3383831439573535,0.9951104045759764,0.9945244838975612,0.04152381257312681,0.9964589235629498,0.22588228506672725,0.9865765905144742,1.0,0.20825597157515768,0.2627202425376369,0.1962421977951728,0.9863725714339294,0.99095117143832
MACD,0.22897657059441515,0.3027803445698446,0.31436107743291053,0.30759197487267725,-0.1944192022322553,0.24647167878725793,0.2494266340913861,0.7394888499834411,0.21136101995451526,0.09156016818576551,0.21292323479682687,0.20825597157515768,1.0,0.9517553913782839,-0.047949937407307026,0.30699973267300495,0.28817040434851204
MACD_Signal,0.24536615199535328,0.31984837564821156,0.33086391501224477,0.32576381787399555,-0.1952054353731749,0.2912770380372918,0.2870587453488859,0.5512105538041828,0.25960957084946057,0.034082408944063225,0.2549590226662814,0.2627202425376369,0.9517553913782839,1.0,-0.11599991844407898,0.3259890332604254,0.31940375502002455
Rolling_Std_14,0.1933039174483704,0.270863340789465,0.2639467267664105,0.2659670169663709,0.058375592954062715,0.25684630437938777,0.2615334475102671,0.011952297631765661,0.2581831321991413,0.7700207035725191,0.31525713197240085,0.1962421977951728,-0.047949937407307026,-0.11599991844407898,1.0,0.2645904156349911,0.26111418077267556
Close_Lag1,0.8036455977701277,0.9986634398395667,0.9987181865999173,0.9991137155741622,-0.344448059449639,0.9944229350653614,0.9962013682023175,0.15965776382260735,0.991451863551814,0.32211979402534047,0.9897805502455425,0.9863725714339294,0.30699973267300495,0.3259890332604254,0.2645904156349911,1.0,0.9979341666280926
Rolling_Mean_7,0.8038381936405241,0.9974305720625742,0.9970949745300726,0.9974394577115929,-0.33988679209894623,0.9981414813793745,0.998955033024405,0.1315225758125943,0.9956035124472241,0.31839524702378524,0.993499968776509,0.99095117143832,0.28817040434851204,0.31940375502002455,0.26111418077267556,0.9979341666280926,1.0
