,Close,High,Low,Open,Volume,SMA_14,EMA_14,RSI_14,BB_Middle,BB_Std,BB_Upper,BB_Lower,MACD,MACD_Signal,Rolling_Std_14,Close_Lag1,Rolling_Mean_7
Close,1.0,0.8176424284010063,0.8177953862788734,0.8172906415715272,-0.27980403734310394,0.8105972821101963,0.8126459897549572,0.14568427612162438,0.8085349447135834,0.25428172348341876,0.80646718951405,0.8051356405424789,0.24627258315889106,0.25327739566865415,0.2246936475516242,0.8161726291993469,0.8134397554367068
High,0.8176424284010063,1.0,0.9993377612138112,0.999409037427661,-0.33328454787040945,0.9940287097079235,0.9959248695993291,0.16454771134374838,0.9912473695714331,0.32631405236975497,0.9899335276065174,0.9857926895509236,0.3027803173206492,0.31984834462298567,0.270863193447136,0.9986634386558372,0.9974305710919847
Low,0.8177953862788734,0.9993377612138112,1.0,0.9994398329648907,-0.35274542877110515,0.9931883105686862,0.9951464749476104,0.17424030923682546,0.9900312627760346,0.3224294901721947,0.9884269993105085,0.9848910958386117,0.3143610499539423,0.33086388450283444,0.2639465719527171,0.9987181852468413,0.9970949735494297
Open,0.8172906415715272,0.999409037427661,0.9994398329648907,1.0,-0.34259080977485235,0.9938946219337993,0.9957411109376909,0.1642595895650433,0.9909640771837757,0.3228842172067182,0.9893709526417748,0.9858057327742917,0.30759194792698175,0.3257637876491493,0.2659668700779279,0.9991137146123243,0.9974394567744225
Volume,-0.27980403734310394,-0.33328454787040945,-0.35274542877110515,-0.34259080977485235,1.0,-0.3361318108765306,-0.33633530369989484,-0.156101815396699,-0.33141977660046956,-0.009640382802715076,-0.3226440486382799,-0.3383831529918331,-0.19441916248519922,-0.1952054125524139,0.058375841875361455,-0.3444480648548974,-0.3398867853404478
SMA_14,0.8105972821101963,0.9940287097079235,0.9931883105686862,0.9938946219337993,-0.3361318108765306,1.0,0.9996270038684952,0.08249720239874674,0.9990591398103279,0.31135331259180105,0.9962654556268665,0.9951104031917557,0.24647164211524497,0.2912770003385159,0.25684614649854104,0.994422934872316,0.9981414813380974
EMA_14,0.8126459897549572,0.9959248695993291,0.9951464749476104,0.9957411109376909,-0.33633530369989484,0.9996270038684952,1.0,0.09527292628531162,0.9987414945708112,0.3143051380330715,0.9962044056219662,0.9945244826221674,0.24942659762921615,0.28705870778464343,0.26153329053280405,0.9962013678737459,0.9989550330050528
RSI_14,0.14568427612162438,0.16454771134374838,0.17424030923682546,0.1642595895650433,-0.156101815396699,0.08249720239874674,0.09527292628531162,1.0,0.050487400108416514,0.11493536503957523,0.05866085124489127,0.04152372278265526,0.739488892491525,0.5512106237654887,0.011952351231411909,0.15965768263641558,0.13152249269135205
BB_Middle,0.8085349447135834,0.9912473695714331,0.9900312627760346,0.9909640771837757,-0.33141977660046956,0.9990591398103279,0.9987414945708112,0.050487400108416514,1.0,0.3069901444317814,0.9968134060111813,0.9964589224552235,0.21136098267917916,0.25960953256392455,0.25818297150624003,0.9914518631039351,0.9956035123873386
BB_Std,0.25428172348341876,0.32631405236975497,0.3224294901721947,0.3228842172067182,-0.009640382802715076,0.31135331259180105,0.3143051380330715,0.11493536503957523,0.3069901444317814,1.0,0.3819287048188806,0.22588210618339027,0.09156019034012414,0.03408243553504998,0.7700208404542317,0.32211964033029467,0.31839508747058276
BB_Upper,0.80646718951405,0.9899335276065174,0.9884269993105085,0.9893709526417748,-0.3226440486382799,0.9962654556268665,0.9962044056219662,0.05866085124489127,0.9968134060111813,0.3819287048188806,1.0,0.9865765860356337,0.21292320336511333,0.25495899048061377,0.3152569977445459,0.989780549465259,0.9934999678821341
BB_Lower,0.8051356405424789,0.9857926895509236,0.9848910958386117,0.9858057327742917,-0.3383831529918331,0.9951104031917557,0.9945244826221674,0.04152372278265526,0.9964589224552235,0.22588210618339027,0.9865765860356337,1.0,0.20825592796184522,0.26272019739940033,0.19624201106077974,0.9863725690875822,0.9909511699872388
MACD,0.24627258315889106,0.3027803173206492,0.3143610499539423,0.30759194792698175,-0.19441916248519922,0.24647164211524497,0.24942659762921615,0.739488892491525,0.21136098267917916,0.09156019034012414,0.21292320336511333,0.20825592796184522,1.0,0.951755389308719,-0.047949926520052505,0.3069996985956145,0.2881703682383914
MACD_Signal,0.25327739566865415,0.31984834462298567,0.33086388450283444,0.3257637876491493,-0.1952054125524139,0.2912770003385159,0.28705870778464343,0.5512106237654887,0.25960953256392455,0.03408243553504998,0.25495899048061377,0.26272019739940033,0.951755389308719,1.0,-0.11599992686410003,0.3259889979808142,0.31940371771193393
Rolling_Std_14,0.2246936475516242,0.270863193447136,0.2639465719527171,0.2659668700779279,0.058375841875361455,0.25684614649854104,0.26153329053280405,0.011952351231411909,0.25818297150624003,0.7700208404542317,0.3152569977445459,0.19624201106077974,-0.047949926520052505,-0.11599992686410003,1.0,0.26459026892510495,0.261114026579342
Close_Lag1,0.8161726291993469,0.9986634386558372,0.9987181852468413,0.9991137146123243,-0.3444480648548974,0.994422934872316,0.9962013678737459,0.15965768263641558,0.9914518631039351,0.32211964033029467,0.989780549465259,0.9863725690875822,0.3069996985956145,0.3259889979808142,0.26459026892510495,1.0,0.9979341664779484
Rolling_Mean_7,0.8134397554367068,0.9974305710919847,0.9970949735494297,0.9974394567744225,-0.3398867853404478,0.9981414813380974,0.9989550330050528,0.13152249269135205,0.9956035123873386,0.31839508747058276,0.9934999678821341,0.9909511699872388,0.2881703682383914,0.31940371771193393,0.261114026579342,0.9979341664779484,1.0
