,Close,High,Low,Open,Volume,SMA_14,EMA_14,RSI_14,BB_Middle,BB_Std,BB_Upper,BB_Lower,MACD,MACD_Signal,Rolling_Std_14,Close_Lag1,Rolling_Mean_7
Close,1.0,0.7465145674546172,0.7464128507278935,0.7442831897185851,-0.019626444150261817,0.736737377094561,0.7397475951950755,0.056728740928252946,0.7327279232546821,0.189584449605742,0.7209518795039278,0.7317250676140387,0.1746980311407483,0.20191008135276547,0.15781328429749206,0.7439189688969852,0.7418890855382276
High,0.7465145674546172,1.0,0.9984582976055428,0.9988196728988972,0.02381137960385159,0.9860863707778379,0.990684563576698,0.06870151168350462,0.980140522999976,0.30439936156749986,0.9712628715371437,0.9712869707086829,0.22324206083071588,0.2527509653265902,0.2580271006930601,0.9972041718754442,0.9941095919766731
Low,0.7464128507278935,0.9984582976055428,1.0,0.9985026007048625,-0.0074311886384337495,0.9840333983565897,0.9887816566151881,0.08120725626851921,0.9774915704219037,0.29498099091898455,0.967474667792859,0.9699330402902188,0.2378561799456653,0.2663701876095455,0.24428469423364366,0.9968893389682988,0.9928362630936237
Open,0.7442831897185851,0.9988196728988972,0.9985026007048625,1.0,0.009604526086622557,0.9860930514706611,0.9905161561300623,0.06646731261679711,0.9798589691550897,0.29935582451086434,0.9703131658040828,0.9717408463440661,0.22823541868287628,0.2594943475685308,0.25154893005998974,0.9981757848957727,0.9941792030054135
Volume,-0.019626444150261817,0.02381137960385159,-0.0074311886384337495,0.009604526086622557,1.0,0.038158509071770486,0.03678236883283187,-0.2005863736822526,0.050029073208623716,0.24425257568462497,0.08052766696775017,0.015755739605252318,-0.23428837366588198,-0.21622355350369485,0.27058248342300123,0.007970833932495997,0.026506604981492994
SMA_14,0.736737377094561,0.9860863707778379,0.9840333983565897,0.9860930514706611,0.038158509071770486,1.0,0.9990854020832641,-0.05770058651791288,0.9978263545419509,0.3144496809254706,0.9894052984833069,0.9881390765628076,0.13060648592343085,0.20379245973735938,0.27061605430287305,0.9871001977780647,0.9955464667292477
EMA_14,0.7397475951950755,0.990684563576698,0.9887816566151881,0.9905161561300623,0.03678236883283187,0.9990854020832641,1.0,-0.03697723200442306,0.9970899215748064,0.31500089513409923,0.9887810821679558,0.9872939636284673,0.13711393654314125,0.1985643356657857,0.27056770531239377,0.991419399352638,0.9975974693349096
RSI_14,0.056728740928252946,0.06870151168350462,0.08120725626851921,0.06646731261679711,-0.2005863736822526,-0.05770058651791288,-0.03697723200442306,1.0,-0.10341253969351237,-0.018311984890621795,-0.10060772641971727,-0.10451977706990298,0.7391001565279286,0.5429567989487575,-0.07650597542565411,0.06099087141406479,0.017677011886855408
BB_Middle,0.7327279232546821,0.980140522999976,0.9774915704219037,0.9798589691550897,0.050029073208623716,0.9978263545419509,0.9970899215748064,-0.10341253969351237,1.0,0.31635128227453135,0.9917252419875326,0.9901117123194402,0.0774901447212673,0.15508543289016893,0.27500923832615837,0.9807469907162759,0.98984097206598
BB_Std,0.189584449605742,0.30439936156749986,0.29498099091898455,0.29935582451086434,0.24425257568462497,0.3144496809254706,0.31500089513409923,-0.018311984890621795,0.31635128227453135,1.0,0.4355188229880291,0.18014651591765385,-0.11147812112187286,-0.12297450188401103,0.8207159233485719,0.30373519946603367,0.3096586439567721
BB_Upper,0.7209518795039278,0.9712628715371437,0.967474667792859,0.9703131658040828,0.08052766696775017,0.9894052984833069,0.9887810821679558,-0.10060772641971727,0.9917252419875326,0.4355188229880291,1.0,0.9639096928622904,0.058445278899956904,0.13052073045857884,0.37202650179961033,0.971748476935318,0.9811794937385793
BB_Lower,0.7317250676140387,0.9712869707086829,0.9699330402902188,0.9717408463440661,0.015755739605252318,0.9881390765628076,0.9872939636284673,-0.10451977706990298,0.9901117123194402,0.18014651591765385,0.9639096928622904,1.0,0.09683384846758394,0.17899184753722674,0.16379102723979366,0.9720140259149582,0.9805675723157009
MACD,0.1746980311407483,0.22324206083071588,0.2378561799456653,0.22823541868287628,-0.23428837366588198,0.13060648592343085,0.13711393654314125,0.7391001565279286,0.0774901447212673,-0.11147812112187286,0.058445278899956904,0.09683384846758394,1.0,0.9465261487473761,-0.1726881741045847,0.2267160780361803,0.19648823438040017
MACD_Signal,0.20191008135276547,0.2527509653265902,0.2663701876095455,0.2594943475685308,-0.21622355350369485,0.20379245973735938,0.1985643356657857,0.5429567989487575,0.15508543289016893,-0.12297450188401103,0.13052073045857884,0.17899184753722674,0.9465261487473761,1.0,-0.18234589371653784,0.25904098433017053,0.24789171626704373
Rolling_Std_14,0.15781328429749206,0.2580271006930601,0.24428469423364366,0.25154893005998974,0.27058248342300123,0.27061605430287305,0.27056770531239377,-0.07650597542565411,0.27500923832615837,0.8207159233485719,0.37202650179961033,0.16379102723979366,-0.1726881741045847,-0.18234589371653784,1.0,0.2544936100893252,0.26143439049339195
Close_Lag1,0.7439189688969852,0.9972041718754442,0.9968893389682988,0.9981757848957727,0.007970833932495997,0.9871001977780647,0.991419399352638,0.06099087141406479,0.9807469907162759,0.30373519946603367,0.971748476935318,0.9720140259149582,0.2267160780361803,0.25904098433017053,0.2544936100893252,1.0,0.9952039227784054
Rolling_Mean_7,0.7418890855382276,0.9941095919766731,0.9928362630936237,0.9941792030054135,0.026506604981492994,0.9955464667292477,0.9975974693349096,0.017677011886855408,0.98984097206598,0.3096586439567721,0.9811794937385793,0.9805675723157009,0.19648823438040017,0.24789171626704373,0.26143439049339195,0.9952039227784054,1.0
