,Close,High,Low,Open,Volume,SMA_14,EMA_14,RSI_14,BB_Middle,BB_Std,BB_Upper,BB_Lower,MACD,MACD_Signal,Rolling_Std_14,Close_Lag1,Rolling_Mean_7
Close,1.0,0.761413132860029,0.7619132183668487,0.760145838712592,-0.393002285189521,0.7498674585843013,0.7526194105879231,0.10945388500314382,0.7445016696407348,0.2572129446407839,0.737825692159255,0.7408085510000991,0.16706149844106385,0.1595505662731484,0.23964624855135583,0.7592880254836524,0.7537516768301651
High,0.761413132860029,1.0,0.9984407046163564,0.9986486051114732,-0.48839698017502853,0.9881680707736215,0.9919712186851468,0.13398574135172972,0.9828905875127212,0.3582723261122865,0.9763522933966312,0.9755186377408429,0.23226053043651942,0.23853511434918256,0.3369245333536203,0.9977266972210208,0.9947660735818987
Low,0.7619132183668487,0.9984407046163564,1.0,0.9989692477793831,-0.5171687198214885,0.9856823593779331,0.9897697697441232,0.14599861537521605,0.9797593834818388,0.3386016087655753,0.9709873507142455,0.9748844407190259,0.24715958489257764,0.25064399633388856,0.3149459979142167,0.9975051488237708,0.9933967149827391
Open,0.760145838712592,0.9986486051114732,0.9989692477793831,1.0,-0.5046048617521982,0.9872558649331404,0.991064507256228,0.13374364575646977,0.9815704157648903,0.34711106946228387,0.9737414052807432,0.9756340678731806,0.24144458243140438,0.24790816600127358,0.3248034872405644,0.9985488420894477,0.9943906924638825
Volume,-0.393002285189521,-0.48839698017502853,-0.5171687198214885,-0.5046048617521982,1.0,-0.4875012178631002,-0.490045515385175,-0.14136865301611365,-0.4806948363797034,0.032988205834008896,-0.45216368938996265,-0.5048832927444009,-0.17114178323456422,-0.15374236427909072,0.08689582388849179,-0.5009776294430361,-0.49519388461560304
SMA_14,0.7498674585843013,0.9881680707736215,0.9856823593779331,0.9872558649331404,-0.4875012178631002,1.0,0.9992234062659716,0.015462062555372278,0.9981646963538404,0.35774490770054357,0.9907831898217105,0.9914918158261937,0.14635638411220683,0.19301278275188644,0.3388782767655888,0.9887412095344658,0.9960419006484237
EMA_14,0.7526194105879231,0.9919712186851468,0.9897697697441232,0.991064507256228,-0.490045515385175,0.9992234062659716,1.0,0.03494721744600669,0.9974870392468613,0.3607308680768031,0.9905034137320463,0.9903876653784208,0.15245869484380004,0.18808507514467726,0.3415105156567556,0.9924945475967928,0.9978483105849058
RSI_14,0.10945388500314382,0.13398574135172972,0.14599861537521605,0.13374364575646977,-0.14136865301611365,0.015462062555372278,0.03494721744600669,1.0,-0.02708910555271794,-0.03353156872578993,-0.02978742310725565,-0.023727862839018808,0.7031281750081153,0.4921943179164003,-0.07307428700403132,0.1254596275727063,0.08463701889502735
BB_Middle,0.7445016696407348,0.9828905875127212,0.9797593834818388,0.9815704157648903,-0.4806948363797034,0.9981646963538404,0.9974870392468613,-0.02708910555271794,1.0,0.3663368021751486,0.9935703079798783,0.9922557090722313,0.09767573017306552,0.1488639092773946,0.3494419446440301,0.9831821396969492,0.9911110374583736
BB_Std,0.2572129446407839,0.3582723261122865,0.3386016087655753,0.34711106946228387,0.032988205834008896,0.35774490770054357,0.3607308680768031,-0.03353156872578993,0.3663368021751486,1.0,0.4693275971779292,0.24792276268105862,-0.1447785600852851,-0.16128239311582387,0.8514924637297047,0.3489221426878792,0.35101696841659563
BB_Upper,0.737825692159255,0.9763522933966312,0.9709873507142455,0.9737414052807432,-0.45216368938996265,0.9907831898217105,0.9905034137320463,-0.02978742310725565,0.9935703079798783,0.4693275971779292,1.0,0.9718129316649589,0.07507790306164629,0.12164717693864423,0.4352247306338012,0.9754912881005775,0.9832706701681073
BB_Lower,0.7408085510000991,0.9755186377408429,0.9748844407190259,0.9756340678731806,-0.5048832927444009,0.9914918158261937,0.9903876653784208,-0.023727862839018808,0.9922557090722313,0.24792276268105862,0.9718129316649589,1.0,0.12102272009737426,0.17652086996048633,0.25015710230984967,0.9770703645451189,0.9850459632846005
MACD,0.16706149844106385,0.23226053043651942,0.24715958489257764,0.24144458243140438,-0.17114178323456422,0.14635638411220683,0.15245869484380004,0.7031281750081153,0.09767573017306552,-0.1447785600852851,0.07507790306164629,0.12102272009737426,1.0,0.9453871829851509,-0.1788796945713515,0.23533871354841496,0.2083504057844392
MACD_Signal,0.1595505662731484,0.23853511434918256,0.25064399633388856,0.24790816600127358,-0.15374236427909072,0.19301278275188644,0.18808507514467726,0.4921943179164003,0.1488639092773946,-0.16128239311582387,0.12164717693864423,0.17652086996048633,0.9453871829851509,1.0,-0.1909700327843444,0.2430170185316045,0.23441387457743557
Rolling_Std_14,0.23964624855135583,0.3369245333536203,0.3149459979142167,0.3248034872405644,0.08689582388849179,0.3388782767655888,0.3415105156567556,-0.07307428700403132,0.3494419446440301,0.8514924637297047,0.4352247306338012,0.25015710230984967,-0.1788796945713515,-0.1909700327843444,1.0,0.3266139413181444,0.3301894468972808
Close_Lag1,0.7592880254836524,0.9977266972210208,0.9975051488237708,0.9985488420894477,-0.5009776294430361,0.9887412095344658,0.9924945475967928,0.1254596275727063,0.9831821396969492,0.3489221426878792,0.9754912881005775,0.9770703645451189,0.23533871354841496,0.2430170185316045,0.3266139413181444,1.0,0.9957676207392016
Rolling_Mean_7,0.7537516768301651,0.9947660735818987,0.9933967149827391,0.9943906924638825,-0.49519388461560304,0.9960419006484237,0.9978483105849058,0.08463701889502735,0.9911110374583736,0.35101696841659563,0.9832706701681073,0.9850459632846005,0.2083504057844392,0.23441387457743557,0.3301894468972808,0.9957676207392016,1.0
