,Close,High,Low,Open,Volume,SMA_14,EMA_14,RSI_14,BB_Middle,BB_Std,BB_Upper,BB_Lower,MACD,MACD_Signal,Rolling_Std_14,Close_Lag1,Rolling_Mean_7
Close,1.0,0.9219637015856819,0.9223401855916018,0.9216012693416638,-0.3972823965466818,0.9152780396658001,0.9169638703016116,0.1556751530235372,0.9128752741108925,0.494494429959897,0.9094334115501069,0.9087241600108804,0.37048899885044356,0.390733929713349,0.48392016241754277,0.9210303225772628,0.9189961987250048
High,0.9219637015856819,1.0,0.9995093347361755,0.9995869285299293,-0.42960916821566847,0.9953136813857878,0.9966979848958734,0.1487750205000351,0.9928872529783447,0.5414011163590103,0.9895074471796259,0.9879634971165469,0.3765050220987206,0.4033727158557488,0.520918433140116,0.9988794993803924,0.9979317144052654
Low,0.9223401855916018,0.9995093347361755,1.0,0.9996190263707558,-0.4399699211325529,0.9945551903859552,0.9960099029543756,0.15574958817914153,0.9917811703912107,0.5358960253556455,0.9879050029843497,0.9874250019895005,0.3865375867845419,0.41228967160767244,0.513109098625582,0.9988831382090333,0.9976607551497649
Open,0.9216012693416638,0.9995869285299293,0.9996190263707558,1.0,-0.4347000676802053,0.9952278048743609,0.9965679971470871,0.1480286942854751,0.9926670119734882,0.5387055194289717,0.9890251882055735,0.9880396780986656,0.3806825427388536,0.40829120931279833,0.5170720553196628,0.999194039563238,0.9979577268775051
Volume,-0.3972823965466818,-0.42960916821566847,-0.4399699211325529,-0.4347000676802053,1.0,-0.42038835800144286,-0.42175462758255,-0.22573178054859547,-0.41380382097232615,-0.011787730333646112,-0.3905769181129785,-0.43627378497973984,-0.30711484556657953,-0.3014575418215246,0.04518228725697605,-0.4314822422428115,-0.4279160301312733
SMA_14,0.9152780396658001,0.9953136813857878,0.9945551903859552,0.9952278048743609,-0.42038835800144286,1.0,0.9997304565878576,0.07894055756315413,0.9992161328010322,0.5410935789656315,0.9954313149741942,0.9946919796048377,0.32656599384256363,0.37617707012231233,0.5190457113636014,0.9958041715952773,0.9985610962783174
EMA_14,0.9169638703016116,0.9966979848958734,0.9960099029543756,0.9965679971470871,-0.42175462758255,0.9997304565878576,1.0,0.08918163010624999,0.9989774471574454,0.5433663673813615,0.9954386034042799,0.994178935638543,0.32863678652102213,0.37255885153316975,0.5223807302368237,0.9970878595153991,0.9991448188185682
RSI_14,0.1556751530235372,0.1487750205000351,0.15574958817914153,0.1480286942854751,-0.22573178054859547,0.07894055756315413,0.08918163010624999,1.0,0.05228828895375717,0.058694284104839387,0.055189695278612734,0.048567994888539946,0.6791916892442151,0.5154075653349186,0.0218298008814594,0.1425374132835133,0.11918847044945043
BB_Middle,0.9128752741108925,0.9928872529783447,0.9917811703912107,0.9926670119734882,-0.41380382097232615,0.9992161328010322,0.9989774471574454,0.05228828895375717,1.0,0.5425826356302422,0.9963208274403549,0.9953502238179188,0.2945979524536693,0.3476753902962197,0.5233775341938908,0.9932453432240006,0.9964093843245072
BB_Std,0.494494429959897,0.5414011163590103,0.5358960253556455,0.5387055194289717,-0.011787730333646112,0.5410935789656315,0.5433663673813615,0.058694284104839387,0.5425826356302422,1.0,0.6125761512032891,0.45914901510606476,0.03202193670631657,0.01232838588401606,0.875663340517688,0.5404702594160032,0.5402631429675913
BB_Upper,0.9094334115501069,0.9895074471796259,0.9879050029843497,0.9890251882055735,-0.3905769181129785,0.9954313149741942,0.9954386034042799,0.055189695278612734,0.9963208274403549,0.6125761512032891,1.0,0.9834331821317965,0.28047296380379777,0.3284076433633308,0.5818193146404924,0.9897494256507243,0.9927055414383542
BB_Lower,0.9087241600108804,0.9879634971165469,0.9874250019895005,0.9880396780986656,-0.43627378497973984,0.9946919796048377,0.994178935638543,0.048567994888539946,0.9953502238179188,0.45914901510606476,0.9834331821317965,1.0,0.3078853025672719,0.36627651009757384,0.45309585248869316,0.9884489419143804,0.9918188787087355
MACD,0.37048899885044356,0.3765050220987206,0.3865375867845419,0.3806825427388536,-0.30711484556657953,0.32656599384256363,0.32863678652102213,0.6791916892442151,0.2945979524536693,0.03202193670631657,0.28047296380379777,0.3078853025672719,1.0,0.9566874745235521,-0.006070880355510445,0.3784929278768803,0.36304278213516833
MACD_Signal,0.390733929713349,0.4033727158557488,0.41228967160767244,0.40829120931279833,-0.3014575418215246,0.37617707012231233,0.37255885153316975,0.5154075653349186,0.3476753902962197,0.01232838588401606,0.3284076433633308,0.36627651009757384,0.9566874745235521,1.0,-0.027210295708078782,0.40683828748819206,0.4013932564866012
Rolling_Std_14,0.48392016241754277,0.520918433140116,0.513109098625582,0.5170720553196628,0.04518228725697605,0.5190457113636014,0.5223807302368237,0.0218298008814594,0.5233775341938908,0.875663340517688,0.5818193146404924,0.45309585248869316,-0.006070880355510445,-0.027210295708078782,1.0,0.5188262434601213,0.5179300902607301
Close_Lag1,0.9210303225772628,0.9988794993803924,0.9988831382090333,0.999194039563238,-0.4314822422428115,0.9958041715952773,0.9970878595153991,0.1425374132835133,0.9932453432240006,0.5404702594160032,0.9897494256507243,0.9884489419143804,0.3784929278768803,0.40683828748819206,0.5188262434601213,1.0,0.9984873787762997
Rolling_Mean_7,0.9189961987250048,0.9979317144052654,0.9976607551497649,0.9979577268775051,-0.4279160301312733,0.9985610962783174,0.9991448188185682,0.11918847044945043,0.9964093843245072,0.5402631429675913,0.9927055414383542,0.9918188787087355,0.36304278213516833,0.4013932564866012,0.5179300902607301,0.9984873787762997,1.0
