,Close,High,Low,Open,Volume,SMA_14,EMA_14,RSI_14,BB_Middle,BB_Std,BB_Upper,BB_Lower,MACD,MACD_Signal,Rolling_Std_14,Close_Lag1,Rolling_Mean_7
Close,1.0,0.8877220498885943,0.8881529497531867,0.8872319821012009,-0.3093426729594975,0.8806327478807541,0.8835473788439069,0.1214105221437357,0.8785773924603874,0.31116948404106565,0.8779252854906248,0.8726762862950326,0.22472348969922612,0.2344160480268208,0.26044218643011846,0.8869517307816214,0.8852102244323677
High,0.8877220498885943,1.0,0.9993169608284164,0.9994189605049272,-0.32733579834798954,0.9941906945135366,0.9960090891906219,0.1274560051007313,0.991225985194194,0.3511417242369864,0.9904968334253175,0.9845612976526116,0.26687120751774596,0.2907567213115942,0.2849150787141715,0.9987949641143228,0.9975835038902284
Low,0.8881529497531867,0.9993169608284164,1.0,0.9994253203581954,-0.3478561066077561,0.9932931955929187,0.9951819847638941,0.13686485808833732,0.9899602902542517,0.348079987802021,0.9890032938446303,0.9835465662529367,0.2782442028600012,0.3015243903375373,0.2785042446962415,0.9987869742576724,0.9972016644814902
Open,0.8872319821012009,0.9994189605049272,0.9994253203581954,1.0,-0.33649852155942317,0.9940564263928632,0.9958319754552435,0.1267546583449748,0.9909641503690944,0.3484013788822408,0.9900034193215422,0.9845468520569083,0.271167122166639,0.2961628581696389,0.28061702399307237,0.9992061782463714,0.997588881725798
Volume,-0.3093426729594975,-0.32733579834798954,-0.3478561066077561,-0.33649852155942317,1.0,-0.3259742363092717,-0.3266068966279588,-0.165907756269412,-0.32051500172077513,-0.020727965884743012,-0.3121541883355804,-0.3269707700863768,-0.19050218217210016,-0.18493226490632225,0.04411038936198407,-0.3353286956261227,-0.33086267795703816
SMA_14,0.8806327478807541,0.9941906945135366,0.9932931955929187,0.9940564263928632,-0.3259742363092717,1.0,0.9996346248669233,0.044849006288929356,0.999015928285723,0.33267511302486463,0.9964228902051746,0.9942681124335881,0.20803515888021942,0.25872176953820886,0.26918930531577395,0.9944628478451614,0.9981054791895412
EMA_14,0.8835473788439069,0.9960090891906219,0.9951819847638941,0.9958319754552435,-0.3266068966279588,0.9996346248669233,1.0,0.05744471757843364,0.9987011540619535,0.33524423984433693,0.9963430122143633,0.9937067601681726,0.21114346658547006,0.25481514798869925,0.2734667022184974,0.9962242967172839,0.9989206080006975
RSI_14,0.1214105221437357,0.1274560051007313,0.13686485808833732,0.1267546583449748,-0.165907756269412,0.044849006288929356,0.05744471757843364,1.0,0.011831985463033833,0.1746165658526459,0.02674241117225906,-0.0040586622213534,0.7392589962561875,0.5507213454431471,0.05072593912287237,0.12295329730581601,0.09466539791834676
BB_Middle,0.8785773924603874,0.991225985194194,0.9899602902542517,0.9909641503690944,-0.32051500172077513,0.999015928285723,0.9987011540619535,0.011831985463033833,1.0,0.32339275443831317,0.9965631366422273,0.9961390751043523,0.1716360817478614,0.22590586824185924,0.26711815127824967,0.9913223889475681,0.9954457555687278
BB_Std,0.31116948404106565,0.3511417242369864,0.348079987802021,0.3484013788822408,-0.020727965884743012,0.33267511302486463,0.33524423984433693,0.1746165658526459,0.32339275443831317,1.0,0.40066672960015787,0.2390723301463806,0.1769693036767216,0.11884402038527428,0.7756403137490577,0.3485629823464196,0.3432345857106864
BB_Upper,0.8779252854906248,0.9904968334253175,0.9890032938446303,0.9900034193215422,-0.3121541883355804,0.9964228902051746,0.9963430122143633,0.02674241117225906,0.9965631366422273,0.40066672960015787,1.0,0.9854433160864278,0.181679185034092,0.22913774737899317,0.3265380685126235,0.990364431818606,0.9938904428714698
BB_Lower,0.8726762862950326,0.9845612976526116,0.9835465662529367,0.9845468520569083,-0.3269707700863768,0.9942681124335881,0.9937067601681726,-0.0040586622213534,0.9961390751043523,0.2390723301463806,0.9854433160864278,1.0,0.15970470433777567,0.2207857341373117,0.20214146141473163,0.9848994629141197,0.9896249602340857
MACD,0.22472348969922612,0.26687120751774596,0.2782442028600012,0.271167122166639,-0.19050218217210016,0.20803515888021942,0.21114346658547006,0.7392589962561875,0.1716360817478614,0.1769693036767216,0.181679185034092,0.15970470433777567,1.0,0.9518579570094621,0.012725601628885596,0.27050207468817666,0.2510951677059816
MACD_Signal,0.2344160480268208,0.2907567213115942,0.3015243903375373,0.2961628581696389,-0.18493226490632225,0.25872176953820886,0.25481514798869925,0.5507213454431471,0.22590586824185924,0.11884402038527428,0.22913774737899317,0.2207857341373117,0.9518579570094621,1.0,-0.05349805154831998,0.2956705619546196,0.28826314577978684
Rolling_Std_14,0.26044218643011846,0.2849150787141715,0.2785042446962415,0.28061702399307237,0.04411038936198407,0.26918930531577395,0.2734667022184974,0.05072593912287237,0.26711815127824967,0.7756403137490577,0.3265380685126235,0.20214146141473163,0.012725601628885596,-0.05349805154831998,1.0,0.2809071364573847,0.27565449286361865
Close_Lag1,0.8869517307816214,0.9987949641143228,0.9987869742576724,0.9992061782463714,-0.3353286956261227,0.9944628478451614,0.9962242967172839,0.12295329730581601,0.9913223889475681,0.3485629823464196,0.990364431818606,0.9848994629141197,0.27050207468817666,0.2956705619546196,0.2809071364573847,1.0,0.9980693521098949
Rolling_Mean_7,0.8852102244323677,0.9975835038902284,0.9972016644814902,0.997588881725798,-0.33086267795703816,0.9981054791895412,0.9989206080006975,0.09466539791834676,0.9954457555687278,0.3432345857106864,0.9938904428714698,0.9896249602340857,0.2510951677059816,0.28826314577978684,0.27565449286361865,0.9980693521098949,1.0
