,Close,High,Low,Open,Volume,SMA_14,EMA_14,RSI_14,BB_Middle,BB_Std,BB_Upper,BB_Lower,MACD,MACD_Signal,Rolling_Std_14,Close_Lag1,Rolling_Mean_7
Close,1.0,0.7471678059554362,0.7485452009818552,0.7455281653040988,-0.11747190411661726,0.7301658018379265,0.734962790970107,0.13511460719563811,0.7238257941614649,0.15308539712200459,0.7083540195785356,0.7237297854518155,0.23674223998052638,0.2544173187511281,0.13496121257413754,0.7434951909783073,0.738549590519877
High,0.7471678059554362,1.0,0.9982782397238869,0.9986668630255957,-0.12478187625215213,0.9814847892212678,0.9870853673910434,0.16436133563021085,0.9722954216058038,0.2240598358313178,0.9542610668547564,0.9691647996461498,0.29754596814140166,0.32085261820222505,0.19570711716696843,0.9963642049254703,0.9919927189266358
Low,0.7485452009818552,0.9982782397238869,1.0,0.9984851763991701,-0.15402633691973855,0.9789546498779645,0.9848473007001372,0.17638601414647648,0.9690396825654067,0.21275667204645246,0.9494914890698741,0.9676387943375422,0.3103547609985471,0.3317233405116763,0.1787901645121947,0.9959328150551094,0.9906736316558375
Open,0.7455281653040988,0.9986668630255957,0.9984851763991701,1.0,-0.13587183279647447,0.9815036005490627,0.9870086225588564,0.16072117556367135,0.9720900989810102,0.2188056276923316,0.9532828151548091,0.9698084316372162,0.30144500355601056,0.3258208376338403,0.18799848776127245,0.9974885433453818,0.9922622859415214
Volume,-0.11747190411661726,-0.12478187625215213,-0.15402633691973855,-0.13587183279647447,1.0,-0.09489436889575209,-0.10193318995089778,-0.15374006877410246,-0.08703045891447236,0.17672333219550726,-0.05606172096430268,-0.1188089617140701,-0.17142347078559914,-0.1342487631970356,0.2588729420294392,-0.12698029060785057,-0.1130212517411412
SMA_14,0.7301658018379265,0.9814847892212678,0.9789546498779645,0.9815036005490627,-0.09489436889575209,1.0,0.998893292813519,0.014942981135539069,0.9970032320029619,0.2636059452085731,0.9835605086616968,0.9882779197575586,0.1904309794100066,0.25895964943761673,0.23412985637324185,0.983546074681789,0.9942314198727501
EMA_14,0.734962790970107,0.9870853673910434,0.9848473007001372,0.9870086225588564,-0.10193318995089778,0.998893292813519,1.0,0.03799870106022848,0.9960276130771515,0.2595154454607957,0.982026324389806,0.987935227781409,0.19580937215685293,0.25278637036698093,0.22669060764668375,0.9887034308067805,0.9966914527812621
RSI_14,0.13511460719563811,0.16436133563021085,0.17638601414647648,0.16072117556367135,-0.15374006877410246,0.014942981135539069,0.03799870106022848,1.0,-0.04069947561828711,-0.19252128970280402,-0.06726480255544702,-0.01073135481362354,0.7141125059235877,0.5259586985534774,-0.18430835898257847,0.15166932785124182,0.10152654356847982
BB_Middle,0.7238257941614649,0.9722954216058038,0.9690396825654067,0.9720900989810102,-0.08703045891447236,0.9970032320029619,0.9960276130771515,-0.04069947561828711,1.0,0.285940518067749,0.9897304301698269,0.9877388565494161,0.12718553660868878,0.20179897572540573,0.24893081748317564,0.9740281740742319,0.986147012045458
BB_Std,0.15308539712200459,0.2240598358313178,0.21275667204645246,0.2188056276923316,0.17672333219550726,0.2636059452085731,0.2595154454607957,-0.19252128970280402,0.285940518067749,1.0,0.41998205143889916,0.13283759423217903,-0.22370978933760322,-0.17113294091180328,0.7989337332189901,0.2222241637808034,0.23550525750901075
BB_Upper,0.7083540195785356,0.9542610668547564,0.9494914890698741,0.9532828151548091,-0.05606172096430268,0.9835605086616968,0.982026324389806,-0.06726480255544702,0.9897304301698269,0.41998205143889916,1.0,0.9552790983127415,0.08708240533600235,0.16559009379065023,0.3549370479868318,0.9556282778079314,0.9690869350409326
BB_Lower,0.7237297854518155,0.9691647996461498,0.9676387943375422,0.9698084316372162,-0.1188089617140701,0.9882779197575586,0.987935227781409,-0.01073135481362354,0.9877388565494161,0.13283759423217903,0.9552790983127415,1.0,0.1679972163237295,0.23660596900823355,0.12731478621039652,0.9712560892738104,0.9816271672699001
MACD,0.23674223998052638,0.29754596814140166,0.3103547609985471,0.30144500355601056,-0.17142347078559914,0.1904309794100066,0.19580937215685293,0.7141125059235877,0.12718553660868878,-0.22370978933760322,0.08708240533600235,0.1679972163237295,1.0,0.9557976797447078,-0.18581033586004617,0.2981241763239685,0.26514864321873305
MACD_Signal,0.2544173187511281,0.32085261820222505,0.3317233405116763,0.3258208376338403,-0.1342487631970356,0.25895964943761673,0.25278637036698093,0.5259586985534774,0.20179897572540573,-0.17113294091180328,0.16559009379065023,0.23660596900823355,0.9557976797447078,1.0,-0.13224433625149878,0.32470069559199355,0.311296334385965
Rolling_Std_14,0.13496121257413754,0.19570711716696843,0.1787901645121947,0.18799848776127245,0.2588729420294392,0.23412985637324185,0.22669060764668375,-0.18430835898257847,0.24893081748317564,0.7989337332189901,0.3549370479868318,0.12731478621039652,-0.18581033586004617,-0.13224433625149878,1.0,0.19164258473504642,0.20588191919961196
Close_Lag1,0.7434951909783073,0.9963642049254703,0.9959328150551094,0.9974885433453818,-0.12698029060785057,0.983546074681789,0.9887034308067805,0.15166932785124182,0.9740281740742319,0.2222241637808034,0.9556282778079314,0.9712560892738104,0.2981241763239685,0.32470069559199355,0.19164258473504642,1.0,0.9939734210675323
Rolling_Mean_7,0.738549590519877,0.9919927189266358,0.9906736316558375,0.9922622859415214,-0.1130212517411412,0.9942314198727501,0.9966914527812621,0.10152654356847982,0.986147012045458,0.23550525750901075,0.9690869350409326,0.9816271672699001,0.26514864321873305,0.311296334385965,0.20588191919961196,0.9939734210675323,1.0
