,Close,High,Low,Open,Volume,SMA_14,EMA_14,RSI_14,BB_Middle,BB_Std,BB_Upper,BB_Lower,MACD,MACD_Signal,Rolling_Std_14,Close_Lag1,Rolling_Mean_7
Close,1.0,0.7290171997064978,0.7306202953402997,0.7285751073986405,-0.029263480423587025,0.7241721516308193,0.7267051029477037,0.06232131832182851,0.7217705193302494,0.15879789724007623,0.709305121713451,0.7215860851613722,0.21296105497696324,0.2398239520019608,0.1414455520690485,0.7276487467555145,0.7279561849979037
High,0.7290171997064978,1.0,0.9985176073240546,0.9988461011984916,-0.010594080232795348,0.9866483417392726,0.9912191895478004,0.12597757230290474,0.9813577012103691,0.27694779814615617,0.972648355481644,0.972185802331945,0.28752857778670926,0.3071707186649651,0.24477710897923444,0.9972389385320987,0.9942690735857332
Low,0.7306202953402997,0.9985176073240546,1.0,0.998562900538295,-0.04039969980132658,0.9849955807925903,0.9896587383420069,0.1381727123355338,0.9791202523158121,0.26800909620994795,0.9693093925946424,0.9711834372323658,0.30164822901232824,0.32070378393393334,0.23206765526822065,0.9969972714773823,0.9933368118820369
Open,0.7285751073986405,0.9988461011984916,0.998562900538295,1.0,-0.02413347504476066,0.9866925870008251,0.9910874173998363,0.12433929561916868,0.9810765579312148,0.27165210290396713,0.9716655692586055,0.9726696971165271,0.2933613230992555,0.3148248680746055,0.23883052229469826,0.9982471753764355,0.9944421195847645
Volume,-0.029263480423587025,-0.010594080232795348,-0.04039969980132658,-0.02413347504476066,1.0,-0.003116007818232783,-0.003945788827415366,-0.17621724964528926,0.006181501409993381,0.20106434569410817,0.03303215836180209,-0.023008411031300954,-0.20917876785667094,-0.20214093084984028,0.24779845088715718,-0.026680360090291313,-0.012340512315256208
SMA_14,0.7241721516308193,0.9866483417392726,0.9849955807925903,0.9866925870008251,-0.003116007818232783,1.0,0.9990776040758965,0.004146041115501495,0.9979232240892002,0.2844829454544402,0.9894529529658795,0.9881784597553509,0.20264245793464766,0.2654753239760824,0.25426421716856223,0.9874455872271883,0.9956368437993245
EMA_14,0.7267051029477037,0.9912191895478004,0.9896587383420069,0.9910874173998363,-0.003945788827415366,0.9990776040758965,1.0,0.025108740136847295,0.9972203397427896,0.2845213587396578,0.9887882678201825,0.987447538390285,0.2090952130585602,0.2601461596234072,0.2543757919729471,0.9917684193448721,0.9976858672037231
RSI_14,0.06232131832182851,0.12597757230290474,0.1381727123355338,0.12433929561916868,-0.17621724964528926,0.004146041115501495,0.025108740136847295,1.0,-0.039340281137704006,0.007697557366100176,-0.03645343201204509,-0.04172032770903947,0.7299896059135025,0.5373583004447016,-0.059034785784674464,0.11937672929697353,0.07765210260988771
BB_Middle,0.7217705193302494,0.9813577012103691,0.9791202523158121,0.9810765579312148,0.006181501409993381,0.9979232240892002,0.9972203397427896,-0.039340281137704006,1.0,0.2857091832106407,0.9915977100516379,0.9901422624958376,0.15126898435049152,0.21797040455197775,0.25852822700846606,0.981597424121666,0.9902564960214695
BB_Std,0.15879789724007623,0.27694779814615617,0.26800909620994795,0.27165210290396713,0.20106434569410817,0.2844829454544402,0.2845213587396578,0.007697557366100176,0.2857091832106407,1.0,0.40727627289551577,0.1486658271798026,-0.07984234700099035,-0.09454652193738801,0.8197171321014008,0.27406166359361184,0.27977520117139393
BB_Upper,0.709305121713451,0.972648355481644,0.9693093925946424,0.9716655692586055,0.03303215836180209,0.9894529529658795,0.9887882678201825,-0.03645343201204509,0.9915977100516379,0.40727627289551577,1.0,0.9637039627355484,0.13338635111493183,0.1949699915105578,0.35703620902432603,0.9724872292387996,0.9815108425369807
BB_Lower,0.7215860851613722,0.972185802331945,0.9711834372323658,0.9726696971165271,-0.023008411031300954,0.9881784597553509,0.987447538390285,-0.04172032770903947,0.9901422624958376,0.1486658271798026,0.9637039627355484,1.0,0.16776417207158215,0.23874255420508986,0.1469675090467051,0.9728550034772979,0.9809552296160058
MACD,0.21296105497696324,0.28752857778670926,0.30164822901232824,0.2933613230992555,-0.20917876785667094,0.20264245793464766,0.2090952130585602,0.7299896059135025,0.15126898435049152,-0.07984234700099035,0.13338635111493183,0.16776417207158215,1.0,0.9479726731928363,-0.1469316922151162,0.29324453519792343,0.26660708762052404
MACD_Signal,0.2398239520019608,0.3071707186649651,0.32070378393393334,0.3148248680746055,-0.20214093084984028,0.2654753239760824,0.2601461596234072,0.5373583004447016,0.21797040455197775,-0.09454652193738801,0.1949699915105578,0.23874255420508986,0.9479726731928363,1.0,-0.16210921024564665,0.31549275274435296,0.3078258571804463
Rolling_Std_14,0.1414455520690485,0.24477710897923444,0.23206765526822065,0.23883052229469826,0.24779845088715718,0.25426421716856223,0.2543757919729471,-0.059034785784674464,0.25852822700846606,0.8197171321014008,0.35703620902432603,0.1469675090467051,-0.1469316922151162,-0.16210921024564665,1.0,0.24088528308155321,0.24572147384142543
Close_Lag1,0.7276487467555145,0.9972389385320987,0.9969972714773823,0.9982471753764355,-0.026680360090291313,0.9874455872271883,0.9917684193448721,0.11937672929697353,0.981597424121666,0.27406166359361184,0.9724872292387996,0.9728550034772979,0.29324453519792343,0.31549275274435296,0.24088528308155321,1.0,0.9953579742073507
Rolling_Mean_7,0.7279561849979037,0.9942690735857332,0.9933368118820369,0.9944421195847645,-0.012340512315256208,0.9956368437993245,0.9976858672037231,0.07765210260988771,0.9902564960214695,0.27977520117139393,0.9815108425369807,0.9809552296160058,0.26660708762052404,0.3078258571804463,0.24572147384142543,0.9953579742073507,1.0
