,Close,High,Low,Open,Volume,SMA_14,EMA_14,RSI_14,BB_Middle,BB_Std,BB_Upper,BB_Lower,MACD,MACD_Signal,Rolling_Std_14,Close_Lag1,Rolling_Mean_7
Close,1.0,0.7628938714485449,0.7637279363314514,0.7591010252172526,-0.2145695360238087,0.7276078059336383,0.738169145232942,0.20221413873378052,0.7061849421629852,0.38430084639607187,0.6997898761763353,0.6634170833358918,0.3419154672775297,0.35923605903897005,0.40095879054894784,0.7545013795913493,0.7516170697700298
High,0.7628938714485449,1.0,0.9965241493024383,0.9970916931285156,-0.2704924773887088,0.9554396449882181,0.9686148325509426,0.23869826360422639,0.9293291047821479,0.5227821437662675,0.9251531517736892,0.8675171442889714,0.44412408484073174,0.4728428946443227,0.5336937980422584,0.9938978835535968,0.9837744651492448
Low,0.7637279363314514,0.9965241493024383,1.0,0.9965932679453324,-0.31135337536109137,0.9519869723090635,0.9653556002648956,0.2479599886198849,0.9251058423827487,0.4948543239549761,0.9145939645067792,0.8718635259298975,0.4569643484362067,0.4853208236461896,0.5040263067851518,0.993235780409381,0.9816550909869941
Open,0.7591010252172526,0.9970916931285156,0.9965932679453324,1.0,-0.29319578052616835,0.9564879403419013,0.9692542590607948,0.22822912573575269,0.930423141038869,0.5117629026844666,0.9233486820497104,0.8723125435998191,0.44687345210387014,0.47889614137102476,0.5211779525061401,0.9966379341825482,0.9845494456163303
Volume,-0.2145695360238087,-0.2704924773887088,-0.31135337536109137,-0.29319578052616835,1.0,-0.33438413511579806,-0.33191274706052015,0.10574489875069937,-0.3472455658857849,0.15969556450835992,-0.2573868388628401,-0.43931761408111003,0.01240276258835948,-0.04446360571771907,0.16628636188173895,-0.2981944033853762,-0.31358999055777526
SMA_14,0.7276078059336383,0.9554396449882181,0.9519869723090635,0.9564879403419013,-0.33438413511579806,1.0,0.9974360875698347,-0.0025214517475154546,0.992355931145578,0.49923359512420096,0.9732223689795985,0.9454918233391648,0.27289882829542095,0.37482987533245715,0.49413603080087487,0.9599237461225135,0.985658921000393
EMA_14,0.738169145232942,0.9686148325509426,0.9653556002648956,0.9692542590607948,-0.33191274706052015,0.9974360875698347,1.0,0.034195078841668634,0.9896686176137829,0.5060592747360152,0.9726206734008868,0.9402787132991272,0.2819064631254215,0.3663650491054832,0.5071757185418233,0.9721877253498599,0.9915887268534173
RSI_14,0.20221413873378052,0.23869826360422639,0.2479599886198849,0.22822912573575269,0.10574489875069937,-0.0025214517475154546,0.034195078841668634,1.0,-0.09024234522533685,0.05676696357800542,-0.06309329986651625,-0.11912189663028845,0.6961855668634795,0.5036533398903751,0.07258765347741378,0.21393403609975847,0.13564640162205022
BB_Middle,0.7061849421629852,0.9293291047821479,0.9251058423827487,0.930423141038869,-0.3472455658857849,0.992355931145578,0.9896686176137829,-0.09024234522533685,1.0,0.4842601500576435,0.9760386895111723,0.958879531899816,0.16855792375928236,0.28175392932215276,0.4843520099613236,0.9338737917878323,0.9640247339205308
BB_Std,0.38430084639607187,0.5227821437662675,0.4948543239549761,0.5117629026844666,0.15969556450835992,0.49923359512420096,0.5060592747360152,0.05676696357800542,0.4842601500576435,1.0,0.6630375370360599,0.21603197858115336,0.18549706822187992,0.19073950522292446,0.8892944000383285,0.5115918260277755,0.5139708337961918
BB_Upper,0.6997898761763353,0.9251531517736892,0.9145939645067792,0.9233486820497104,-0.2573868388628401,0.9732223689795985,0.9726206734008868,-0.06309329986651625,0.9760386895111723,0.6630375370360599,1.0,0.8741465638987844,0.19035222629695228,0.2885066890704903,0.6355832147941043,0.9262585158363232,0.952647369322219
BB_Lower,0.6634170833358918,0.8675171442889714,0.8718635259298975,0.8723125435998191,-0.43931761408111003,0.9454918233391648,0.9402787132991272,-0.11912189663028845,0.958879531899816,0.21603197858115336,0.8741465638987844,1.0,0.12793235232381853,0.25255477287481665,0.2520458733425274,0.8762188505454532,0.9090945863882712
MACD,0.3419154672775297,0.44412408484073174,0.4569643484362067,0.44687345210387014,0.01240276258835948,0.27289882829542095,0.2819064631254215,0.6961855668634795,0.16855792375928236,0.18549706822187992,0.19035222629695228,0.12793235232381853,1.0,0.9545444856845297,0.1646866001141498,0.4419706724023696,0.39088437046253555
MACD_Signal,0.35923605903897005,0.4728428946443227,0.4853208236461896,0.47889614137102476,-0.04446360571771907,0.37482987533245715,0.3663650491054832,0.5036533398903751,0.28175392932215276,0.19073950522292446,0.2885066890704903,0.25255477287481665,0.9545444856845297,1.0,0.15104948791852998,0.4763760612733941,0.45570157955177193
Rolling_Std_14,0.40095879054894784,0.5336937980422584,0.5040263067851518,0.5211779525061401,0.16628636188173895,0.49413603080087487,0.5071757185418233,0.07258765347741378,0.4843520099613236,0.8892944000383285,0.6355832147941043,0.2520458733425274,0.1646866001141498,0.15104948791852998,1.0,0.5199876372416828,0.5146801236849171
Close_Lag1,0.7545013795913493,0.9938978835535968,0.993235780409381,0.9966379341825482,-0.2981944033853762,0.9599237461225135,0.9721877253498599,0.21393403609975847,0.9338737917878323,0.5115918260277755,0.9262585158363232,0.8762188505454532,0.4419706724023696,0.4763760612733941,0.5199876372416828,1.0,0.9872028861507519
Rolling_Mean_7,0.7516170697700298,0.9837744651492448,0.9816550909869941,0.9845494456163303,-0.31358999055777526,0.985658921000393,0.9915887268534173,0.13564640162205022,0.9640247339205308,0.5139708337961918,0.952647369322219,0.9090945863882712,0.39088437046253555,0.45570157955177193,0.5146801236849171,0.9872028861507519,1.0
