,Close,High,Low,Open,Volume,SMA_14,EMA_14,RSI_14,BB_Middle,BB_Std,BB_Upper,BB_Lower,MACD,MACD_Signal,Rolling_Std_14,Close_Lag1,Rolling_Mean_7
Close,1.0,0.731737245851805,0.7317642635457234,0.7302006862541083,-0.2732183015305922,0.7208008906583192,0.724079820829307,0.15282501211330618,0.7145875640748656,0.08205763475090905,0.7030242978358244,0.7115675234311026,0.25406118406843486,0.2618463535402208,0.07908187236661245,0.7278060464498015,0.7274299243701137
High,0.731737245851805,1.0,0.9986601003769899,0.9988016820579508,-0.35194730977725985,0.9867752487030359,0.9910397730612899,0.18713830553077934,0.9803476801011561,0.1130218353446751,0.964547343431376,0.9761381059058756,0.34202787176412763,0.36216546423116597,0.12755277706859686,0.997251737405387,0.9944257582580656
Low,0.7317642635457234,0.9986601003769899,1.0,0.9988852224892009,-0.37458703446773167,0.9841112291525956,0.988664007264426,0.19944638007992282,0.9768963074509354,0.0951217358048676,0.9586662237550481,0.975303378205653,0.3585281233155828,0.3768515922729867,0.10812047338026615,0.9969123261365254,0.9930437333389444
Open,0.7302006862541083,0.9988016820579508,0.9988852224892009,1.0,-0.3625558599677851,0.986004855383507,0.9902720677742725,0.1854754712993934,0.9792563806994371,0.1053786475888183,0.9624061393053276,0.9761690030394415,0.34963762394564196,0.37062213629486773,0.11753617117351006,0.9980896953759759,0.994118183064476
Volume,-0.2732183015305922,-0.35194730977725985,-0.37458703446773167,-0.3625558599677851,1.0,-0.3371386168460575,-0.33955654736902235,-0.1635016848343741,-0.3254861296796689,0.14848349872755554,-0.29382646653132566,-0.3517398982481561,-0.31744250337350843,-0.32353630577797776,0.1729528316694287,-0.3597848673266722,-0.3509898294248396
SMA_14,0.7208008906583192,0.9867752487030359,0.9841112291525956,0.986004855383507,-0.3371386168460575,1.0,0.9991004579388076,0.06387186115830192,0.9977294471316795,0.14006787974122975,0.9852050385666424,0.9897225457089961,0.2560572542110221,0.3179443703635271,0.14677558773221402,0.9872954125355679,0.9954437716310096
EMA_14,0.724079820829307,0.9910397730612899,0.988664007264426,0.9902720677742725,-0.33955654736902235,0.9991004579388076,1.0,0.08446227706519588,0.9970025195554639,0.1406075186741919,0.9845783582328688,0.988906060112041,0.26137790590750043,0.3120806760451233,0.14780992145794714,0.9914891427227287,0.9974830380038379
RSI_14,0.15282501211330618,0.18713830553077934,0.19944638007992282,0.1854754712993934,-0.1635016848343741,0.06387186115830192,0.08446227706519588,1.0,0.01648079302865355,-0.17741647313530642,-0.009248394820455202,0.04306668293693678,0.6981078123057745,0.5007988695783788,-0.1448970087936781,0.17803573270771805,0.1388186223152153
BB_Middle,0.7145875640748656,0.9803476801011561,0.9768963074509354,0.9792563806994371,-0.3254861296796689,0.9977294471316795,0.9970025195554639,0.01648079302865355,1.0,0.1592405511236504,0.9901244109064334,0.9891721100365484,0.20176249278332603,0.2687518715460087,0.16412886331384027,0.9805622851516351,0.9894510333149498
BB_Std,0.08205763475090905,0.1130218353446751,0.0951217358048676,0.1053786475888183,0.14848349872755554,0.14006787974122975,0.1406075186741919,-0.17741647313530642,0.1592405511236504,1.0,0.29607056678321414,0.012628865515797474,-0.3413934477889219,-0.3399952824613702,0.832510709012928,0.10881143393691961,0.12013759826909154
BB_Upper,0.7030242978358244,0.964547343431376,0.9586662237550481,0.9624061393053276,-0.29382646653132566,0.9852050385666424,0.9845783582328688,-0.009248394820455202,0.9901244109064334,0.29607056678321414,1.0,0.9588289325147885,0.14672851801433345,0.21174007007239162,0.27701600543629645,0.9641570847166857,0.9743654072052447
BB_Lower,0.7115675234311026,0.9761381059058756,0.975303378205653,0.9761690030394415,-0.3517398982481561,0.9897225457089961,0.988906060112041,0.04306668293693678,0.9891721100365484,0.012628865515797474,0.9588289325147885,1.0,0.25510453240481173,0.3227464981992156,0.04247842452506167,0.9769813731625487,0.984300577506691
MACD,0.25406118406843486,0.34202787176412763,0.3585281233155828,0.34963762394564196,-0.31744250337350843,0.2560572542110221,0.26137790590750043,0.6981078123057745,0.20176249278332603,-0.3413934477889219,0.14672851801433345,0.25510453240481173,1.0,0.9503502078912477,-0.2947215693112358,0.3462927183090149,0.3207423311983188
MACD_Signal,0.2618463535402208,0.36216546423116597,0.3768515922729867,0.37062213629486773,-0.32353630577797776,0.3179443703635271,0.3120806760451233,0.5007988695783788,0.2687518715460087,-0.3399952824613702,0.21174007007239162,0.3227464981992156,0.9503502078912477,1.0,-0.29827260045713,0.36829814043090314,0.36094633913264934
Rolling_Std_14,0.07908187236661245,0.12755277706859686,0.10812047338026615,0.11753617117351006,0.1729528316694287,0.14677558773221402,0.14780992145794714,-0.1448970087936781,0.16412886331384027,0.832510709012928,0.27701600543629645,0.04247842452506167,-0.2947215693112358,-0.29827260045713,1.0,0.12045637244719858,0.1298510237649554
Close_Lag1,0.7278060464498015,0.997251737405387,0.9969123261365254,0.9980896953759759,-0.3597848673266722,0.9872954125355679,0.9914891427227287,0.17803573270771805,0.9805622851516351,0.10881143393691961,0.9641570847166857,0.9769813731625487,0.3462927183090149,0.36829814043090314,0.12045637244719858,1.0,0.9953776916957642
Rolling_Mean_7,0.7274299243701137,0.9944257582580656,0.9930437333389444,0.994118183064476,-0.3509898294248396,0.9954437716310096,0.9974830380038379,0.1388186223152153,0.9894510333149498,0.12013759826909154,0.9743654072052447,0.984300577506691,0.3207423311983188,0.36094633913264934,0.1298510237649554,0.9953776916957642,1.0
